DISTRIBUTED BORŮVKA MST (K-MACHINE)
========================================
10 114 17.212815206552715
88 225 86.19117040890984
139 104 86.62614782113603
173 753 3.1720201880969356
366 916 9.939353897316977
371 899 57.59401195892623
388 2 6.156475216082292
423 881 87.76288448173145
446 954 6.165800522839453
503 780 11.262722882469259
504 165 89.99194463833179
539 80 6.904165911870858
588 552 45.265836307355464
610 397 9.068696757340511
643 188 37.121262069818506
647 903 13.774262821891973
693 977 3.9983039595616408
768 914 5.478997056615201
773 93 18.34388206585929
782 598 70.32170634070263
841 301 16.583518308663777
885 71 27.199966403710736
84 429 73.71885840527591
190 70 57.294317591799086
232 854 98.89326949020075
268 652 31.942286649716166
271 518 6.93811681911381
346 21 5.065843890407476
356 762 44.53651881784453
381 93 76.54779141299885
447 787 71.42869673478107
451 348 58.367340880942486
476 452 45.482602817008754
478 884 13.062986170703136
571 562 85.01826168708293
640 497 39.3012508312084
730 319 12.878450026849363
760 872 1.8095631887768513
816 83 44.3381274935882
906 109 29.51488535384456
965 360 8.34487496115548
978 853 89.97794331466478
137 270 33.867475689205015
237 373 77.66248920267718
255 473 13.49296724220055
323 313 31.533519793274387
410 323 44.1857399557189
453 77 12.362853943643529
456 918 40.24894258155453
552 135 38.74188354776648
576 102 9.717919484803069
587 951 18.092980034420066
623 73 29.52238406977524
628 234 83.15196588449612
631 32 45.62939801918328
639 685 13.70512646375637
931 819 93.205504817469
939 255 71.50312684620438
7 618 12.32455516482135
15 992 20.63464793207981
85 27 52.65292794690951
147 867 53.82860892728663
164 549 67.01723100938159
169 860 11.55867347481373
224 141 15.2713861807278
280 388 16.31828740996788
351 208 64.21637751228285
422 25 42.58581534334093
427 11 31.792853040261384
434 906 78.65265371972728
435 224 36.905917836994725
515 331 94.813816623348
579 540 44.53392673707836
598 788 18.235009965121307
674 86 3.560624346445209
718 110 3.8580748017246598
774 303 94.19933497303546
788 881 10.57146711644878
913 873 6.084161346918375
995 561 16.838685932205244
998 928 48.35872735099671
60 745 2.2142749341752888
76 718 79.33352675945119
96 194 11.355388573673185
204 836 13.235284939585743
243 526 2.562327267604865
251 273 99.86008875384337
402 390 63.45777086975597
421 821 53.126631325013946
525 371 90.99594570079279
530 475 15.802442277458455
592 252 43.201088308719186
617 819 36.72875591999383
871 109 13.970309666094208
909 815 15.74512579306804
911 810 4.852482658375803
915 40 41.236384342381406
943 879 52.89900092984362
31 758 25.304021740275395
64 203 68.95865080734565
70 846 6.962800132881544
112 384 2.353771982140008
124 868 34.64764906831525
131 675 38.91411404403062
261 663 65.81658279479107
329 670 41.0981983994305
506 409 13.651582645934248
529 462 10.809229314911752
562 969 68.13079832754943
574 551 17.497832434525453
835 769 6.064611050917821
857 836 2.6470585947291774
887 103 77.48224467794097
959 718 13.129668999312038
130 196 24.641748872458685
202 71 62.92598801025371
266 388 43.576924224972245
355 142 87.2223641635727
424 65 9.432909931226774
508 797 35.87760556530476
517 270 9.45107137583032
549 459 9.078938283893121
559 752 51.79551592699066
723 219 65.83726785185293
809 413 67.37514796791397
840 312 53.16647660766634
848 378 81.28571432093945
850 928 31.460105537464663
865 137 96.57000542750852
79 450 15.749950706457591
113 163 23.24536528612268
189 633 14.009768835628059
200 721 67.76621679972321
210 791 62.33513983740843
230 825 6.007272555624427
245 59 6.39807600365979
278 288 11.256456026538707
281 244 12.251281371868114
326 965 43.499144343782724
357 845 47.423187269110954
380 505 64.9665820232282
433 292 18.959150263044297
487 640 57.49570788622045
519 316 6.423413893290018
531 826 5.732599390402647
541 8 26.368125959656474
548 778 30.08287548124739
651 484 50.48309300152335
827 882 51.461695974332414
867 352 32.99761592269271
870 625 40.41783809631995
899 580 22.242472116948253
912 773 45.58508368340139
52 866 19.962556328043927
103 389 12.476238541664829
111 254 31.764263700940173
117 698 29.894294465916815
181 902 22.68144935388244
238 166 8.312328128004426
250 900 4.083913311524047
274 67 60.0165576955925
303 222 28.694273868493074
305 771 16.402410437044345
386 163 50.26905798442716
400 65 16.020973688144686
468 323 40.310046250482436
505 552 58.60842883425587
524 951 81.72520198494225
578 597 12.658338553576845
584 590 14.437113355322197
722 437 57.47151994302526
724 622 13.847351741663271
733 203 40.062881472542486
815 955 14.838317591463165
904 967 21.185276587511318
917 698 69.17274359562538
926 788 37.94663529615718
993 570 32.124158690173275
22 754 66.49061272804823
138 438 10.93609561432038
168 60 29.149593386577788
182 480 19.82306693843174
205 706 26.953979416723907
276 282 6.0931619172652285
369 919 58.452611333707864
425 63 49.68290946881573
513 613 48.37458599017448
555 62 7.469000076279316
756 465 4.792015920587328
792 543 19.494904541403937
811 583 69.70408346303859
826 44 2.707082675488895
874 288 66.12529157188995
973 196 30.219003468076693
983 58 13.53171302495018
0 311 28.547404948241795
98 6 84.08365578217521
156 203 10.950216791958926
207 233 38.721524427975055
321 805 13.789384474162281
322 217 54.21711398237005
325 935 31.993002437056276
331 500 46.54959328748706
404 479 13.766214168884458
564 452 10.079643396250246
736 464 34.19374523570152
772 194 37.21989553089726
799 871 15.282468577524497
801 953 60.643832165026126
949 863 63.296787579641254
982 95 44.15261372062331
68 665 77.79366043012351
108 485 6.109565743448328
228 142 8.407996576127173
294 701 66.07711884884276
314 534 22.831325114749934
348 119 19.870426723844904
412 713 10.251843541536152
417 338 8.561558369829093
500 257 30.194876849039094
561 853 4.082921289914593
566 881 4.206147073987031
608 40 24.894248986895313
635 767 8.342336956765315
654 4 4.9855556165358905
754 183 14.54114461091579
761 882 11.642211352749534
804 440 17.043759151341263
830 752 5.817155160035937
847 250 66.23140429424993
858 567 45.5423343027646
861 654 31.108329737939314
988 768 37.2119863377647
6 965 24.61594924700168
39 879 19.914585929182785
41 32 93.52756598278602
191 906 33.34519344568703
317 688 94.58708463543775
324 972 8.708398575700002
367 145 40.35084906469157
373 854 50.63536288540993
445 300 38.24324616464537
553 82 40.84834339711776
662 96 41.42646124957152
702 194 87.76959907395741
738 242 14.048519726627852
837 958 11.850854359640957
851 528 4.625456382153926
895 709 15.223200425100824
23 104 7.826716915444411
122 964 7.911197881016823
285 187 4.303088593317611
350 658 88.32276750270043
403 928 65.94941708556946
437 574 44.61914294739304
602 567 37.725486247459976
673 597 16.593019682683803
711 945 86.28702260641698
762 252 11.688221138243492
824 32 67.15065857410386
863 786 13.737675678232302
901 877 48.56442958772699
938 830 48.01436739980529
148 352 95.45981966964493
154 141 2.519412193610803
223 238 22.509698785058596
235 616 59.05192527457463
279 224 37.366160891220865
318 410 76.9676032035518
391 893 33.639384756655154
428 738 18.903750749700965
466 74 8.046796255194447
502 382 4.875070493866707
507 976 14.207549396077038
520 82 31.10502786393191
582 308 22.341327568436938
634 648 13.40735144366021
646 60 48.392706652033404
663 699 8.807130573763882
681 669 62.877213783410454
687 660 52.37088154701639
706 599 23.199919909349696
749 271 37.89203907821445
891 452 16.87092109029247
898 951 19.887648454865808
927 32 34.30326536924615
16 250 83.22659174425152
45 725 25.08721122379896
46 206 37.533024615442656
94 389 28.537500671799666
105 682 6.366204452296132
106 679 50.35081713583667
151 565 49.306801053627716
174 944 40.18476835022537
225 919 6.994458827494267
263 650 87.89291509335719
299 57 83.43020796937972
358 471 59.55055592627108
362 664 4.7231173115381155
377 141 91.13372609195024
461 739 32.54980266952339
511 671 68.78357407448937
512 474 22.34981970236709
518 843 4.661395229777796
695 684 9.04106263444362
740 497 37.95693632298242
755 803 67.57953977277948
791 233 21.315351939144765
829 244 13.549095827565248
883 929 38.638843295200125
910 995 84.98932248985685
49 223 35.82924223380266
92 828 58.04845147567193
286 704 56.117235761874376
327 343 41.0378655660182
385 642 37.02589800888557
444 610 87.42719008587537
557 128 45.20819191127625
624 60 11.156177031988307
678 27 18.437559147519877
689 669 10.249412281474026
775 59 29.921527810724978
776 753 28.854277498979307
852 430 5.325550367496919
869 911 58.26895889033232
921 448 13.343099424401212
929 242 36.46598564243675
935 216 12.49592759178584
32 304 28.613896670054547
55 689 60.08228331071787
61 574 34.729887323468944
66 733 42.20122811962251
78 558 23.25613557633636
212 296 33.47262189992021
226 284 94.95206803795162
413 122 14.514326114495594
460 486 23.229337102104477
545 554 43.02546647052297
629 927 41.66871694585152
712 980 32.61232287202608
734 351 64.65619123648504
795 520 88.6932481761924
844 135 98.85298619199689
890 97 16.921660413224714
892 814 52.41393832297524
956 118 42.13354395059995
968 598 36.78772612934424
974 838 42.23748667379105
36 854 26.576888477009128
120 284 60.338382268815096
160 470 25.175545786212872
184 300 10.619229051746176
320 274 91.66852342624223
342 405 26.340853978171257
405 905 9.3871821883962
406 541 56.33328493901529
473 708 2.8813846061860677
703 960 16.649964254505512
748 802 9.914860409334649
750 948 39.930976227216426
834 627 48.38784588161014
880 270 10.031254048238814
933 181 80.39126379698347
946 340 15.62129376374644
997 635 47.11748676248482
3 341 7.793218674824172
18 142 70.02210724708145
75 102 24.10895680984253
133 652 32.499456396146186
162 918 38.871885563070514
193 370 20.878684670357543
227 204 27.181399256889957
233 228 10.075668957934566
248 803 22.933425885410216
364 269 31.939833543044912
368 438 39.063765181664024
378 291 76.47854228011879
441 71 9.037559081231446
645 740 59.19081304978095
731 771 94.59310437761867
781 51 23.823266088552266
819 882 32.5344731441714
889 3 23.19799440625507
930 166 94.57832785852996
981 815 89.42003751572271
19 522 30.85668586327903
20 877 57.02732298136427
91 284 82.32070328057998
135 271 16.058426700812092
185 849 63.11835267385632
217 671 39.475937283864106
231 650 34.017406486819084
293 311 15.181897543860881
302 971 31.852099600717423
690 62 96.58426667069118
705 549 11.157192870429316
744 410 70.5802563433866
924 766 27.182817079300413
940 836 33.79271976431334
950 28 61.97532305130155
5 704 4.0719698891905
73 262 4.231345682711504
198 196 94.47459379362266
199 735 23.335854874207964
213 81 92.19806036779617
215 440 12.550917735978391
239 379 60.002181882267585
269 470 26.23408985179514
415 561 31.577740936324208
436 516 20.207601446034413
785 488 19.54407726803987
817 695 30.90731718250764
833 468 47.77303837173526
937 421 74.12575629714529
967 77 20.584102161889952
42 904 24.792069676297338
48 881 55.488458802911175
69 691 30.43796011922135
260 194 27.980207720523993
295 332 7.888956703585308
315 42 48.133217967632305
414 741 2.8048232413617393
496 533 3.0130963225284138
665 718 20.43389002882429
763 748 50.239657031703395
878 873 23.526779304583453
941 514 14.350405538431946
944 509 34.516178559790376
989 906 50.68013095648778
26 692 89.2659264657052
157 44 71.47239824079955
220 125 27.450093643623575
259 699 12.326993170577882
267 182 25.812053204317987
349 936 68.43221435316853
383 48 99.66651493197386
407 257 60.14179366473202
542 497 5.309908091510887
696 738 41.20316014771129
720 556 6.67844836733546
727 15 94.20558925558966
737 921 19.793576021112614
808 240 28.450209751592613
896 739 16.77489877736783
35 89 49.26744330674309
170 416 30.291366631362674
253 860 44.91267060693786
283 652 35.66128542789792
298 794 10.084010622390085
374 597 95.81451352779192
401 394 85.30505973845604
488 389 6.184186236064621
492 218 37.73014003320139
568 969 8.61165745420944
796 533 28.04844400527347
957 903 41.88305086910371
963 759 29.289089762660737
58 161 5.506054397338615
208 703 37.77589046006101
287 570 61.290496639753464
365 764 97.75948472078177
390 610 34.13028537873382
477 555 42.90222113585098
536 246 36.84185840793369
537 580 44.258186929368705
550 75 27.190907940231064
621 593 71.24450819513923
658 85 60.76765045364515
818 673 58.48400361288512
876 563 13.496772405923172
923 105 87.06738094774458
50 238 45.92078102246467
344 104 1.1139556773631099
353 746 32.29775055456744
399 873 31.7129420176294
432 396 15.886959396323865
620 523 40.42418151291569
770 498 7.688396216447994
925 635 32.385739375587704
999 166 98.77751782662867
29 497 47.02250339181627
81 875 44.476191418700004
99 96 32.78476733970058
178 630 74.77204325926304
347 819 46.93135378278893
393 506 25.947582711649172
449 656 9.30363741180722
604 89 3.053800165337836
717 882 11.51220942730063
757 433 78.59623558404942
864 899 60.09405197936618
948 729 6.009923888228737
985 625 7.509062421469242
82 141 27.95237312128205
240 769 11.88270844105412
310 824 68.1435714004199
328 580 29.662005352990057
354 146 8.951216737365453
359 656 35.84228003938758
372 441 19.63570704185328
454 300 53.517786177234015
532 947 65.91740538821028
661 689 29.12078271618066
679 321 23.780960891589306
692 758 62.1927342061708
707 925 34.67906426682596
735 677 17.94886168252344
751 802 46.26583357678336
783 901 82.70582047790273
800 190 91.05315341961335
820 136 13.49838071112948
908 955 47.68894092298263
34 558 33.17640262098719
37 604 28.68619031572101
100 51 31.35567614353421
134 405 47.82464877380102
192 882 42.134806248458965
273 254 15.685048740376093
333 322 67.13676900277896
336 285 56.53560447305525
375 408 45.60178779249404
577 606 52.25678214663081
626 309 11.978087447892124
649 433 24.166291489207023
650 464 15.458881375360185
686 754 27.200934875472395
934 519 20.95750829083339
33 913 49.936343857976276
152 899 24.242254067100134
159 566 6.555803582395685
195 591 91.4908464002929
463 896 71.75572297979971
700 254 90.02740974722994
746 546 18.865192107870914
765 321 56.31363319979656
790 873 98.6919787792075
842 469 83.27993810728546
859 306 5.926486750862759
894 564 24.363542661614876
979 452 51.82192105492589
24 675 2.252562866419455
116 432 16.243141318404476
179 565 83.45105106764565
180 224 23.781720706071216
241 363 86.7783409621733
258 959 79.51651321706296
339 961 35.758873760778684
486 882 1.1548692574065007
495 203 56.17394917616047
521 379 9.34858407043182
632 338 22.935633830530882
637 130 87.09056664017278
716 827 51.983033274139984
12 25 58.003876112829
27 546 16.14612376029213
53 517 28.373463069900236
123 462 77.4948381350235
132 344 85.74528462275045
249 151 54.56058525706835
345 905 8.459974084328607
416 826 20.008518132774242
419 566 30.283418063807556
443 273 87.48712985119754
467 124 78.98402317066513
481 879 62.65824626575595
482 519 7.217907950095318
560 486 29.83592678975053
572 609 28.590286863681325
591 196 80.61902132184655
743 885 99.60097169844626
831 271 13.881429903810492
862 106 52.32549985361215
987 585 8.331151878477826
307 468 42.004190050389745
426 965 16.27102337079103
489 305 60.026153448304136
593 753 55.44971760120217
600 205 37.48998020298786
907 644 55.57904091730414
922 982 70.87174798302475
947 158 3.865777690359242
101 777 4.633015901057161
127 737 58.41241500445701
203 825 9.939984681289747
209 685 47.67620993016242
420 478 51.26128155973998
472 186 4.902834822120921
491 654 36.699772012980674
535 323 36.06254996460284
586 216 5.4893342903248294
630 582 61.575841093600616
970 127 83.9101163380357
143 459 27.237255174797482
201 686 40.34373802512663
499 225 28.312262645297096
666 420 79.02389719346861
812 484 57.929698295532724
107 825 44.76205461650388
175 264 1.8016986103875343
197 408 8.45463672976899
211 63 58.12509449061099
236 154 23.52114178933106
337 511 74.83467781999569
376 370 95.46891619555623
429 83 60.20562954206926
439 549 50.78776245727032
672 746 59.58903608634391
676 55 76.26058164193518
832 405 71.17456742273433
942 680 5.078236048656626
971 71 24.746652589794547
991 530 29.324978659603318
129 781 33.911555615364186
214 247 61.39813738998288
297 786 97.20922155704389
343 634 18.176403221767387
363 214 63.90498831541597
370 408 5.061248671439553
442 768 60.86168131009828
455 464 93.11672078550122
483 934 83.83208433992819
523 118 15.319554880075264
544 835 9.178539156772569
638 338 20.196466920423134
653 248 45.748536570966465
659 194 78.86476829202002
668 884 28.170652288137813
823 180 77.79835698073471
849 433 24.67768122730643
994 257 43.58973325653871
9 841 60.98337656347082
14 281 38.155388983106526
54 616 59.3691036901183
56 27 46.51419541257288
144 99 41.75286388899158
277 167 96.24087820952076
291 161 18.8256317289798
493 519 78.85482124868643
573 905 3.5654207455501776
581 433 61.44894679045576
607 921 24.436882244400177
636 576 19.41875689778739
710 392 56.238358029421825
726 856 14.946885865810167
47 250 35.031982020474054
177 80 15.081392258924051
221 887 93.96625350565188
234 57 30.328399863249302
275 250 90.96641710274747
284 655 12.373646039500509
290 527 3.8663649250655636
469 146 67.76139202024694
615 567 16.190378175878102
779 321 50.24114753271936
789 341 11.177648249998521
813 634 57.915150339166225
897 330 18.01544487722883
920 40 55.96244494660422
115 714 65.1232591895921
265 460 55.58218761059009
387 80 59.90935969462107
538 969 40.602155689801734
611 529 65.04314938127428
657 416 95.16576204601729
715 453 91.13999041901351
807 882 4.985235709585481
966 942 95.71186372745827
13 759 90.89458895369701
140 389 10.871458076455863
196 194 17.289897616505904
334 418 11.48045020616301
694 745 55.0121708711795
764 569 14.631815675024152
784 545 43.63010804834124
38 432 60.019345785805505
90 603 76.71127762314585
121 159 74.88296200374737
149 618 63.05311872179079
155 826 9.947553746127896
167 250 46.22674545411086
171 127 72.87904727873972
244 271 7.292245776566487
457 3 95.24004954581018
596 565 36.85290767179865
688 984 21.87002959049449
719 876 45.51000518757081
732 869 86.55222118588065
986 907 61.53632792928497
996 944 46.506689669939064
1 958 42.734917849115135
17 228 25.04208867317608
43 30 59.65498728730647
95 30 32.9081537151307
256 718 38.709535483033555
272 746 41.67005465929366
395 696 60.66738055240129
411 994 99.71924718362115
431 117 93.33265293347634
594 985 29.745865995003548
742 492 95.38696412056598
787 514 19.045521842973454
798 362 37.50502234949146
828 733 42.39533959015278
839 74 28.989118938116487
855 429 69.59171844526144
952 267 41.96754354651443
962 388 39.35423939278848
25 759 36.85661581101213
126 980 1.2539606764991438
153 270 29.45052140016232
398 344 16.134109111587055
490 861 52.82497121014292
547 70 43.45415377790216
589 199 67.95604874713311
595 747 30.695711145437084
612 230 64.30979893444068
641 244 42.67509513409784
660 307 44.86818445870228
697 882 45.90086916256195
714 77 59.389169331320524
728 95 99.69760201832378
72 633 41.44323969334264
87 749 67.75553835004494
114 654 12.23265067252025
216 335 4.684000694245794
575 271 74.71430794999603
601 319 76.65192868036353
603 284 28.57825303700492
822 957 62.033548259680096
165 759 29.47553490909544
172 996 70.22862887552265
176 387 97.38667886596456
289 224 45.02489011812926
394 65 25.5709045658015
458 976 38.02218728022299
501 156 97.85543509383402
605 382 71.0545487280046
667 553 61.87029673767766
778 70 10.824123902704034
793 161 68.49823676392009
806 163 23.986655985220075
888 45 30.129322550729235
945 990 53.77957939274888
975 680 34.424339073974416
150 25 49.52996879405042
229 464 21.998475726908005
361 574 46.712506158198956
392 236 24.066869225557113
494 623 51.25463629410448
510 543 64.63676600406933
614 346 95.17792191737861
619 215 46.96248609594536
683 8 37.5206222579712
701 332 44.23446617725455
721 563 44.379109669067695
886 866 27.28751326158641
932 830 56.729501803809896
990 71 16.496728928870674
753 815 60.154358330008435
366 215 70.40663938162346
388 335 8.786061660803128
954 306 9.076571225659404
610 111 71.26849968492566
643 552 72.95462517539919
693 766 89.01069126344649
914 5 25.481047069554823
773 972 39.24853367299807
841 234 55.866571057651775
441 663 20.770075413023402
133 789 41.66673445940823
271 146 33.52799330936217
891 108 27.438567589020312
478 941 24.52638243745243
497 685 36.352293774958554
730 79 27.29761469242338
760 109 48.98646789804981
906 549 30.26835498469389
6 777 47.88254503366667
255 570 58.95110416626399
307 921 42.97746253818652
967 638 52.21864117016615
456 561 42.07479367608153
623 519 79.31981210967535
618 270 43.755775336622285
15 856 59.61768826373537
169 271 38.75506546810527
224 370 24.375151184868574
25 47 43.91881673125899
159 278 36.48787088773599
86 290 23.66351715646087
718 806 24.932048232710244
873 543 27.405348884416078
243 285 27.271383324172362
475 683 61.279129812489295
762 980 14.25955945523915
486 250 30.861402573780783
911 118 47.749758408437366
778 62 25.995360658804287
112 156 41.39107804170035
675 486 35.92878792297735
329 476 96.65376941227949
969 868 65.90350624551992
551 703 44.9469297290083
758 713 35.19168550939886
769 958 36.88985381848417
103 223 25.987486243278564
194 158 33.11309201134892
394 118 48.76745811882777
752 884 24.83213542624784
723 156 70.68519210357475
312 358 59.72029078883411
403 606 66.55138053598881
245 314 45.37924621271853
278 343 31.93244100967774
357 902 63.507126882517504
292 730 35.751318652961196
316 682 21.237889311019448
541 669 34.5646262124079
867 118 70.83575136265952
870 786 61.49327097656049
899 961 42.459249518749814
52 94 74.12186069738611
254 830 32.889070154886284
771 948 29.57156800687047
597 919 71.24681532982827
584 650 20.8176557581209
724 72 47.521335421760895
955 620 47.273178089875806
993 267 40.47428824143837
438 658 77.17441664558203
168 388 30.91004538329305
706 459 39.2304456864149
276 947 29.4753113570854
425 477 60.12739766609122
62 412 12.29462693176753
811 696 80.92758212845096
826 655 17.03472899603407
161 448 18.33186615122755
0 512 34.4125542593132
321 733 43.63484612400669
257 927 51.04955637408236
801 340 64.89885464078682
791 946 56.22535198894074
348 284 23.389750338456896
920 373 60.89557757293636
654 484 54.06932464709207
686 214 65.11758568330471
440 900 42.447421846244836
39 111 52.146097919778484
317 230 97.13823789443364
367 598 59.81390204429413
36 558 36.12767165143343
445 161 41.79312314858196
851 291 28.053768482559754
895 905 24.977459453981222
567 302 33.113906315764225
863 695 25.24291315424536
235 602 81.49224513098484
391 110 63.372205423401994
466 424 62.18511508385729
898 993 44.66281805228856
45 260 41.03571173911488
46 677 55.79382254601471
682 418 16.339572121496076
565 300 45.91093327662872
225 7 47.03836436008685
362 441 29.420626227530605
671 151 62.12848669866959
746 805 47.21469665599771
430 680 37.065641998946134
696 11 58.289788518415115
413 240 80.05286853220473
703 736 42.14655287519739
890 828 49.49481855455965
892 233 78.91083189765527
974 769 56.619869651428424
834 736 81.53430679750551
946 935 38.30565284238388
767 158 30.64714194416241
429 551 62.84930751543735
836 567 44.94998962838473
248 484 61.89557679215922
51 186 32.23924645659267
19 114 68.74164487749897
20 712 79.82649444342098
735 498 24.871466514178817
470 747 47.44190258839388
382 780 52.88278676384728
436 850 68.15237568144416
698 255 62.80743193383958
69 234 38.657424588508384
414 817 51.34036015585796
796 784 62.70091628551084
787 656 23.321558186831204
996 652 52.292111159477614
220 159 43.6379919976846
642 163 46.49747941849637
720 309 35.172112692605324
739 170 36.536956600147334
218 523 54.47905704746804
903 130 76.52439508437794
21 602 53.741779285739526
28 961 77.68950358678589
636 469 76.12527432179512
721 71 55.64723231219815
246 899 59.77293576893468
104 94 52.37742025777279
432 32 57.4151148231539
118 898 46.22186080049904
81 296 47.401099057340026
308 415 51.72228427430937
409 521 33.51917887110482
89 459 59.125170239268556
613 331 69.2713940669388
128 131 48.94979716962032
158 498 17.470113886193293
820 475 94.08236898479046
821 685 94.90613854306876
222 991 69.33778571100879
332 735 36.823416432178455
797 976 37.19503094808424
379 166 30.61627066325345
802 948 40.737321343330386
123 253 85.58682561724855
572 543 37.367345769008516
987 216 24.24520321070158
95 343 47.531029101074814
540 893 95.69139306454235
175 650 78.05284996123771
363 551 64.82198048800791
465 334 40.64453181529262
633 906 41.53391921900659
57 794 36.727225845789256
897 707 46.97977361975817
67 216 62.223416897230045
80 87 79.47022805700875
569 677 37.328044916729404
784 283 56.07028213432836
780 479 24.605510842522445
936 658 94.8008305441551
644 589 71.62361954201764
747 44 45.369280409070505
492 497 54.86411403287531
2 747 47.56037678509165
446 497 37.74999855383883
656 521 31.69751241075229
281 450 48.73675022423447
768 881 40.92215313932149
324 609 46.515670785271226
567 130 38.343795367174714
268 165 47.06007229700485
319 408 29.65526599052632
549 863 33.46407062881442
6 488 62.512230002029625
58 780 30.924491289263123
338 880 53.52987725649218
334 412 44.1319761670996
819 830 39.90250419878183
527 679 47.8665770000075
913 558 41.21481291925759
853 448 52.07502936769603
661 100 40.64477322655198
980 781 55.43585186222453
713 393 39.26985626765005
969 80 82.59978983068092
551 959 45.145660546865614
240 278 54.48133022945199
471 940 61.919477459191285
902 422 66.53099449977034
802 609 49.9081718072453
242 869 59.29643928299378
416 895 34.83150216802327
293 215 65.27470518217451
564 722 64.87112469424693
927 952 56.52779051795529
961 106 62.64075338756942
861 679 62.82343955593291
285 359 62.55065674143846
430 398 66.69759849459982
59 246 64.14909585548682
924 178 91.15107841815234
691 882 57.64158304216035
516 994 71.88846070202327
556 853 67.44720500047312
976 913 73.01280779515092
296 863 74.35593685272357
992 51 72.4071488012809
446 725 48.57847489072068
284 389 43.48212867729634
713 735 40.472944110228475
768 273 42.870748720624455
399 271 56.60665477540308
520 983 32.243986184922804
871 82 54.45817469720338
638 321 53.72565243887495
674 99 50.05143307546944
669 826 61.828399552511605
736 269 47.95252067332117
914 553 44.05910990522042
----------------------------------------
Total MST Weight: 42271.776634
Number of Edges: 999
K-Machines Used: 48
Input Size N: 1000 (N/k = 20.8)
