DISTRIBUTED BORŮVKA MST (K-MACHINE)
========================================
10 51 50.88003028879631
88 1652 15.497977609491745
139 1382 17.062473996756598
173 581 9.475781543738915
366 1342 9.856611330640115
371 569 18.403082046347393
388 565 17.086931991434124
423 1705 57.6974657485586
446 1695 18.668889271407057
503 890 93.54106677933899
504 1185 42.34022928196219
539 217 76.54536270805937
588 1886 57.624082644204414
610 743 69.80081899953889
643 1466 35.15177137235231
647 1032 11.350386442600108
693 542 17.966973946883716
768 812 22.56516356650538
773 994 58.215430385834196
782 1481 28.127926351432933
841 819 9.582115313132864
885 1127 11.187586587165091
1045 643 50.54611238035372
1072 543 78.653254768221
1080 756 52.0457337366822
1153 1859 16.205403517156686
1276 1964 21.927659708483862
1448 941 24.440401739447754
1494 88 24.390616045725704
1498 650 21.479865294623135
1541 1005 78.40966091769707
1548 358 6.196619577106816
1590 1111 25.7045454503926
1704 1928 18.94479549319291
1717 1859 13.93487762529317
1815 111 50.950351148594784
1819 258 3.808975301988884
1867 1892 23.047945793711104
1887 1227 52.73363903453111
1923 56 9.41074695774075
1963 542 1.935567092758931
84 1602 12.288637344016703
190 460 52.02297533619538
232 1869 71.46910129671406
268 1124 31.94566742544637
271 543 27.479695770964057
346 646 29.47540381979985
356 1442 25.00334580261839
381 292 73.0232982725798
447 1083 53.35541141485692
451 74 5.187923894716346
476 1537 32.55471127431491
478 965 30.77290546071963
571 1328 9.121762957641707
640 1939 52.36097891808561
730 924 14.784261626750833
760 221 56.60559836520506
816 672 7.193811395447273
906 1550 20.86644419184263
978 1764 44.89970105976289
1020 1280 10.9132993931908
1047 1370 49.73044566564512
1110 966 25.735410193933557
1123 219 12.231412645916786
1195 1157 3.5478335804368886
1302 1672 4.025756045817363
1305 1572 59.81031575176298
1417 668 43.78131079049897
1439 929 6.929612489665773
1510 870 72.35578629125244
1513 360 77.30583975172964
1632 796 69.86411362151682
1649 1229 42.02979747812889
1692 544 53.28775937852315
1796 929 24.5785918575657
1852 1940 24.848289853025882
1886 1165 54.868476892748355
1935 707 17.6526887662208
137 1735 4.737001743398563
237 199 50.12411942716524
255 162 8.843351355801406
323 583 2.8747993831546443
410 449 66.74534949462672
453 1249 12.171619237881256
456 466 2.5489338399914074
552 299 12.762290952635365
576 1952 31.518478058493507
587 430 45.889797717798416
623 1008 40.67970463560799
628 490 2.518036916620791
631 746 9.413211471047788
639 1161 51.55694781197942
685 1080 69.65021762992811
931 1907 10.209637197450734
939 584 29.89288777833578
1043 1010 50.73693229883043
1064 3 3.5522348288336376
1089 1252 92.95567568955711
1190 1117 49.815117353910914
1226 1 15.324110051730292
1263 1906 69.92210162282251
1332 553 75.47319251483964
1361 1925 11.702348527998502
1375 718 11.139227448872331
1422 605 14.476322686248215
1465 1845 28.07925835794846
1514 1646 88.90943033986713
1593 1986 21.561704442889887
1605 976 7.382731568644067
1645 1155 43.33298978712563
1707 1112 1.1268345919743035
1777 391 82.87199270235465
1798 1161 31.526986611655207
1801 776 10.85789944970438
1810 1931 16.53580995687238
1945 1546 2.954434884900371
1958 935 97.48092422665685
7 1162 48.14835057690178
15 1518 40.76010819674349
85 631 35.58815128176565
147 1236 87.53757756017147
164 1224 5.727195215266276
169 1888 61.86614869481912
224 313 13.141104768493117
280 1286 50.37721113136776
351 135 11.012935603121521
422 1285 51.04321855316699
427 1393 21.334747068396794
434 1357 7.312231299096237
435 364 20.746141492092566
515 929 76.6695455136299
579 5 6.187502768256475
598 1428 11.590264390509299
674 1125 46.29749179841236
774 438 97.854995207486
788 1842 24.18024030695753
913 1837 76.28773981184796
995 1671 25.3326931452793
998 434 35.10835778965132
1048 543 43.95705554519457
1093 282 3.294453523418752
1122 831 6.402343970510043
1160 566 40.27360188158699
1202 1178 27.587637334022013
1208 1955 42.91411503224435
1217 732 21.45534596249056
1379 1338 1.8379089843722598
1381 813 44.569842657205335
1415 1851 31.401441861888646
1432 524 2.173245844661351
1461 585 9.385252175923728
1467 1929 17.691969901707857
1640 261 63.08923701951035
1687 1301 13.263413030179299
1808 1935 64.69647293912448
1847 1966 8.411659005221495
1925 776 5.792516854020572
1970 1308 35.6262302628208
60 54 4.035052739709686
76 1937 42.351702024504576
96 1763 63.09452328307741
204 901 31.343089752984493
243 747 35.10696328956727
251 727 25.809925589217908
402 1195 31.373827858358357
421 224 49.628819330168184
525 1473 53.41234703732341
530 921 80.81060219579547
592 1086 48.93890007945892
617 1724 69.59069265310993
871 704 4.055209858657475
909 1543 49.8427069096336
911 1738 20.346819963409526
915 340 13.065536467538791
943 1496 80.28086537795002
1015 1166 78.07528985151897
1086 1440 16.592884715667736
1095 1083 40.163960673031575
1130 680 14.260829195420355
1167 951 21.555986335425
1185 52 1.6044731509622103
1193 1709 90.37494293257625
1194 293 40.6575804804609
1214 81 84.603951621655
1281 425 12.507762196281758
1300 892 25.210593585313642
1345 1987 42.956873265302285
1355 1492 11.128898193891416
1477 247 13.291950943262206
1537 1503 13.76414924240197
1555 1967 38.64512252983384
1563 1960 27.72773780418172
1716 1394 18.932449922596074
1790 1890 39.10278512326472
1814 1450 18.505602389782613
1882 983 33.8234392339754
1900 1876 64.68841416750193
31 1959 10.229780068664063
64 1760 5.496318897838325
70 1436 38.640537125808386
112 318 44.50275738449981
124 734 31.648606854180134
131 736 18.84602936480762
261 1274 29.67749402335897
329 1756 18.145059961875447
506 1539 33.65666331180813
529 697 67.72926225980183
562 1577 6.315946762791966
574 330 34.890374750502765
758 1354 1.2448354290564896
835 1923 14.066305192537502
857 287 65.77174365207209
887 216 37.82932446859769
959 1972 51.83250786249422
1156 1611 20.76780527533369
1171 781 16.738768827676118
1197 877 8.629933097352149
1234 1271 76.07936139790962
1425 1060 20.94497395186197
1469 431 6.715941312319952
1518 51 34.64264102094858
1543 798 14.085339958163523
1545 1546 66.53502166795157
1551 1254 89.80610485279284
1608 1543 26.323128218603994
1675 1599 1.2710619066818767
1712 1380 60.40329681341159
1751 483 10.153935656159502
1838 401 12.704259932593285
1911 714 5.119441704753099
1915 1807 6.402045407539909
1942 1772 25.609122490220052
1991 604 34.13888615094874
130 435 36.82098153833167
202 1341 60.6428765841925
266 1399 6.93139026053223
355 1130 59.0962193585107
424 1135 15.835385756859015
462 1979 6.587959467421633
508 174 7.700252967975758
517 1927 1.905004707375515
549 660 56.78747654075037
559 850 50.57849231213479
723 764 81.85612992652742
809 1349 14.181476887435004
840 824 9.34062288380068
848 932 42.127767443164785
865 101 51.22635164368804
1051 1375 31.59625414297074
1074 1806 77.6622833831693
1121 1822 48.46943578931889
1175 582 10.21336178552754
1176 1935 27.06630070160554
1228 724 44.46792043494996
1326 1880 27.639274347626753
1389 1406 53.928875052877096
1476 1547 4.734806529018861
1488 1520 67.9980660260339
1573 333 20.034152744534627
1585 1999 20.96564580823675
1615 302 75.74155205698659
1646 1961 10.404848562727448
1651 1484 19.867094284100048
1723 550 4.257276235193718
1740 1251 24.52035009771441
1828 11 5.293138653017999
1843 1205 12.907905600787895
1920 490 93.77881655702252
1956 205 35.80315139342722
1995 754 27.602998056661107
79 1758 62.194401067119784
113 440 52.75205549128901
189 778 5.148688251107817
200 103 85.67404377415293
210 1005 15.135167367892423
230 569 7.428968753291044
245 1928 19.014350518661598
278 1300 31.95877716536503
281 350 31.5455077233885
326 1287 7.1658473154287625
357 1794 64.15651276745513
380 997 54.786747872140516
433 1975 5.48369047005505
487 770 19.628166099342778
519 1478 51.06755904961344
531 1025 11.594626440754798
541 1098 10.256550037283832
548 350 21.004732712859052
651 1525 48.809673879159455
827 1771 66.18213163842924
867 1698 17.21943046260535
870 405 12.624158838632855
899 254 30.97963600477873
912 484 72.73388651841299
1053 1914 9.935480308239383
1094 1339 13.607488107630015
1131 28 38.05580132011815
1146 1230 27.26121216564768
1220 1436 28.34388117081768
1225 511 17.655130949202558
1270 1371 27.672578119867598
1275 1549 19.605633398368532
1336 1391 65.08978386332738
1356 590 7.263447877418486
1408 11 94.59614865404052
1429 260 42.242091582661374
1653 803 11.14028987450116
1655 1261 28.754318665279516
1683 133 14.61896996453085
1720 1464 1.466636640975391
1726 1229 42.53978958829764
1731 935 9.405339334132464
1761 1385 39.43921717954038
103 1611 61.885830453141786
111 846 18.083332232200128
117 102 31.73037721002478
181 1287 73.78351149641881
238 836 53.04386982819971
250 1943 84.74743690943069
274 146 14.70145492573969
303 1199 20.706730273692546
305 1661 33.4686189160161
386 1428 20.088328429107168
400 877 7.150308848253076
468 138 13.973855101521293
505 285 6.003500058161297
524 1698 1.6546233422237306
578 1594 14.118193444925739
722 1330 35.50912070540907
733 507 65.80618864598117
815 124 38.291251299573716
868 1413 52.77753091011242
904 952 7.823717339501765
917 1779 1.6314103924286023
926 120 90.72792701920405
993 1040 88.45895609046899
1071 436 7.832895469871065
1137 1552 4.0683272011653235
1170 904 18.75509067695826
1215 1840 91.16964408742783
1223 1396 78.86851324394941
1260 1165 19.303240833662677
1264 73 8.135474162623627
1271 123 39.80384044920067
1284 1722 31.80118623560198
1290 1246 15.2414143920407
1308 612 12.274894537587814
1310 306 17.087702541817
1359 790 1.1075440654806452
1531 1471 9.716093032145416
1576 1853 12.287242715740545
1591 954 69.99092034047057
1601 1567 60.95779935547641
1620 1613 26.333318172315824
1764 188 5.336821290253186
1770 484 27.57769719764314
1775 945 27.923631311412986
1792 1191 48.149965827065394
1811 810 53.520319378121414
1909 1986 80.32486748494549
1932 1709 3.8528067275509326
1969 1292 25.699535871103652
1998 683 19.121407314816867
22 285 45.91782633997169
86 569 73.01053146171652
168 1992 43.49465041723004
182 1266 33.9193422288265
205 1787 5.193161122162823
276 1247 25.578757757737474
369 1022 18.331412772615348
513 1388 6.814473106492284
555 1039 17.08257482075588
756 1195 28.544343097326585
792 1169 14.137279411958675
811 882 1.8389994533479472
826 481 21.130336572945385
874 907 88.75506121432494
973 501 56.68994801897108
1019 493 21.246801154811475
1329 836 37.175833821961774
1340 1960 25.986653694704497
1409 1843 34.22761385730676
1436 1774 6.352135093614937
1529 465 32.57146594055001
1562 1112 11.695425520248298
1565 1142 21.349497195075777
1677 1592 50.139116623441176
1844 123 96.80195426158171
1933 1688 12.192599081386964
1973 1243 4.70910137927363
1976 1396 13.66646982990928
0 622 1.2807195965216187
98 326 7.760339591079853
156 1652 84.07845247354896
207 93 45.44162044251124
321 491 4.125480820867837
322 116 60.19070037591596
325 1837 73.84788985559946
331 1726 64.68760089994669
404 817 70.65214647512335
564 313 37.46742317671119
772 932 34.43776036190795
799 543 50.48598091816641
801 1606 38.9239226419015
949 1355 58.88609554460876
982 1029 83.10626154452437
1115 460 22.509651807577786
1155 1694 30.16039544765527
1213 1497 26.530749638789878
1242 1455 38.921303814828235
1269 783 37.812532997029805
1309 228 9.691283369368374
1412 411 25.499077501549195
1553 1473 63.71526652955682
1575 489 48.46002644062057
1583 1421 26.795364305164654
1648 65 1.7610215040884043
1657 102 6.632115032561285
1662 776 35.0302224347093
1673 1135 48.79094186235934
1693 1371 71.39828378160739
1762 1577 11.520107122333103
1765 1006 36.552098873918936
1786 999 7.036927824351435
1823 1013 32.56887916560858
1874 671 81.06424907449481
1878 1737 70.75224947158169
1883 1102 14.923693446708269
68 902 1.765260750361882
108 569 15.935246592868214
294 946 20.270874886884187
314 449 79.87872657908457
348 358 26.387953571874725
384 111 25.52662863623014
412 283 94.57804760285448
417 1547 8.73216949259658
500 1800 37.699787221694585
561 259 76.9289410907148
566 1483 3.932940235571346
580 1889 3.599928497316423
608 906 96.49288768638459
635 1482 5.38537265925711
654 1828 32.572037947552346
761 120 65.99984455463732
804 833 32.021796266649716
830 1338 30.258663072964602
847 1764 51.154449823217774
858 1102 7.545393278500284
861 1431 9.535067040757443
988 1709 40.104870133970024
1061 740 70.70132241376366
1091 711 12.207888533910292
1418 814 63.17992379574935
1458 952 27.23578476455611
1459 904 80.62946392641692
1700 336 29.611409602948967
1772 304 5.485031894240398
1788 828 52.25716365192651
1800 1528 23.613410198746724
1822 236 9.535332683541338
1892 468 22.883231304157224
2 1346 18.275214969237954
6 518 53.08246713318884
39 601 66.86871148028862
41 1272 22.061141761528603
191 61 12.267933302909974
317 388 58.768804427716354
324 1453 41.6273635229478
367 739 53.98007541246686
373 1811 93.72426573299852
445 1983 35.42921882677587
553 1261 71.55842859498661
662 516 23.911905815667104
702 416 9.105160340854212
738 1204 54.338086058716165
837 201 52.40830949995926
845 694 14.889356974681908
851 954 28.469305837721446
895 1712 74.3259169825511
928 1897 11.290952915804406
1038 633 66.1025628134958
1088 619 24.960095599409087
1158 867 70.44846151116273
1285 1323 14.42933228068892
1295 79 80.33089327673477
1324 142 31.637321759716173
1358 1110 27.25603161572474
1386 1102 92.18278342538986
1414 492 25.01672500272841
1426 1471 8.050358003003506
1582 1911 20.666019508921938
1584 312 53.70164315771176
1595 797 81.89379366441655
1613 1913 11.027757380702779
1614 1711 23.884868362682845
1721 1701 16.780144350734325
1730 901 37.90800850704827
1749 849 70.47925322372812
1857 1643 31.958003589313662
1908 1109 45.21636347568159
1930 458 10.988774596158196
23 1393 10.818667706225156
122 146 15.001409677847466
288 1544 54.132384179603775
316 1238 3.638068341419485
397 606 30.892638129469855
403 1398 41.136244683871325
437 920 4.1417522312848245
602 453 72.77737064498292
673 1939 33.27250624828303
762 468 66.36102995726358
824 668 3.890035159896667
863 516 41.82683001914368
900 1578 8.710819926724284
938 1272 8.408217948657871
1016 504 58.335149677702645
1033 1554 18.433936390419014
1079 500 84.13338697480481
1105 1011 39.44974618236074
1201 261 50.30576795347549
1283 648 15.025842506323281
1377 481 25.04299309286899
1511 448 23.04633138066038
1557 1666 16.1595827143192
1560 533 15.740851088284803
1624 1504 38.97149715446167
1654 876 27.92607890711402
1658 670 21.37266345736487
1803 1598 33.72975800347344
1840 81 40.180902989073964
1916 1057 1.0676661419992497
1968 480 91.55937620777465
1978 512 91.77303957974232
148 19 7.502541098691277
154 872 6.272431829936372
223 853 29.27211089211764
235 1994 3.6021186540183034
270 411 13.945849003686261
279 1769 50.32828866393097
318 1132 17.880694112919276
428 864 58.731620165660736
502 1757 15.446348597152308
507 247 16.14853121420986
520 1306 37.94686857599438
634 1798 65.05298495035703
646 821 3.4317026495511627
663 595 25.918274041101384
681 338 32.387033756826355
687 654 69.97956328684295
706 680 9.390444893679753
749 1989 71.42809003507773
891 360 1.512963194305873
898 30 92.37551853770405
927 4 2.471172395840176
1014 1420 22.682998619236358
1042 1444 19.63513282562037
1362 1610 7.319868335813882
1493 1289 3.8658677726983828
1520 1202 62.407038320580995
1602 1159 9.111673376586243
1802 572 32.35114463947208
1898 963 41.03483041827029
1983 407 14.223309437483609
16 1367 8.275580860878598
45 61 97.48011361044512
46 191 82.02425909452629
94 50 18.861191124124588
105 416 45.52363666143972
106 1949 32.83114952516241
151 904 15.587516943168826
163 220 26.336468915267425
225 476 85.42980274804795
263 546 68.81409327837198
362 1805 87.96156252990859
377 1977 11.62276838658026
461 23 60.937252361995974
512 52 15.045590760975596
695 866 6.307515000452845
740 1764 27.466963561529933
755 969 10.216383620219123
791 1807 48.2038641178305
829 110 90.01355656162158
883 745 91.95810247115271
910 908 59.577402563496804
919 77 12.402163893716025
955 996 83.75655034781065
1027 1870 22.721747018348562
1040 1967 56.74778019553782
1069 150 29.221238391873516
1073 271 32.59247275391257
1116 275 39.030833516658994
1297 1557 28.123772348961534
1364 893 15.858382155873858
1372 657 12.393441403179807
1404 203 8.92682219642453
1463 1625 63.81539794611443
1471 398 2.132137685222631
1491 149 11.156383443092526
1517 1425 85.2701749329296
1534 1104 24.561596589790298
1556 905 33.40279125088577
1566 42 23.20024204164899
1567 1699 14.579188775001086
1568 1090 23.1004841840836
1635 1369 86.28766842493123
1689 1053 24.02971245024067
1691 1497 35.09062763226877
1708 234 13.014883052767232
1741 1401 19.12376734424691
1981 986 82.34685475169609
40 1754 35.81297238362175
49 476 92.97934480849871
92 286 75.69013669945159
327 426 33.179903908179426
385 1149 85.25491411922167
444 908 54.39072612796716
557 577 33.841254122561025
624 1652 51.15465165992139
664 1630 23.953699193729623
678 1923 62.11890525430607
689 1786 19.389616229983798
775 170 24.815859641847812
825 1493 78.11799559881273
852 1565 31.680781676047552
869 1890 78.51572305283084
881 1753 57.12172669560653
929 795 1.919407813237556
1055 1359 22.66208522746615
1062 1334 13.918465016299075
1164 1271 49.42058439994507
1291 221 50.40535206539021
1371 418 7.114046708111696
1540 1948 4.698979341566931
1678 82 31.71718162175027
1728 1159 17.912386977530083
1830 151 28.006338659544305
32 1827 74.14080385038285
55 1641 22.298155123317585
66 474 14.586245720475373
78 543 3.064799343450132
212 1113 7.656102943148772
226 1774 45.75222583929434
413 1043 75.71921542276166
460 635 5.818955803131161
545 1280 5.212624004087465
629 490 12.614303744890115
712 962 12.30645848453791
734 767 6.876425530294769
844 1255 6.986417099232364
890 1335 23.612037892171852
892 1752 5.359752819018144
956 822 14.843188692114136
968 1606 2.183735393771886
974 642 58.47131125687641
1410 1888 9.84068237992448
1423 1135 59.80902386115739
1472 1296 70.75876057678362
1512 991 18.107913971248127
1621 1530 72.98971398549581
1744 672 11.073452823987097
1780 659 17.27105519221962
1784 466 30.874679079276124
1818 1933 85.03571190282408
1832 1661 10.202180228304808
1868 541 76.19899916750764
1965 1745 58.08825180421457
1988 43 37.38854401091967
36 1209 33.6349521602043
59 248 27.938181511075676
120 1292 34.002841569995105
160 1098 29.40106033401355
184 1619 18.333823578119134
320 153 3.6403488894909146
342 469 82.01936855292567
406 155 3.790567007286856
473 308 74.19261669678681
526 336 21.520501690609386
618 1731 41.50501743424525
652 995 48.140090589707185
703 1104 49.381251682028875
748 1205 25.718046951875838
750 451 82.51268330020265
834 677 61.519533692761186
879 1764 36.652265656653576
880 1609 50.46139057037694
933 1607 70.38384406016928
946 1111 8.394056144445493
1081 583 33.118602726668854
1136 431 46.22304909547573
1206 83 51.537845169672686
1319 395 25.556661283047355
1378 521 67.00871822578063
1604 947 21.068550001644137
1686 41 58.21393332059563
1824 980 90.60271906763514
1836 1220 40.33814444134656
1846 1320 96.52684331102326
1884 1165 10.022550877517244
18 501 61.22144493971056
75 1126 2.8554121219789246
133 820 8.639343345786756
193 389 33.86054395175311
227 206 28.1809806474109
233 1683 64.1323022338376
368 348 44.7952350746187
378 939 98.31639494872964
441 958 87.09240824576014
645 175 51.22544196139887
731 247 43.82921036171551
810 1348 15.14245361665449
814 1330 15.986038953583817
889 707 54.22325320227712
930 1605 99.6989677406473
981 976 3.1582180911226603
1021 81 9.724858248490584
1152 1833 57.605210977916414
1288 1436 88.05392654462574
1343 302 93.95590812858217
1384 1651 42.43800292205282
1406 255 50.754741329385006
1502 1068 33.03529231917888
1530 669 39.494742255215
1533 1218 7.634183351812628
1536 1765 59.37959064512492
1616 858 39.68241879386662
1628 1680 10.881082590704128
1671 167 2.6270998683835485
1753 1127 30.195952698496885
1917 897 42.20940325163022
1997 76 57.76656840769846
20 1138 33.193358888548126
91 1780 49.91758547672148
185 888 46.99766707495674
217 1782 57.81825605505567
231 928 54.67496476133067
302 1501 34.569444695303964
682 1902 31.232620251014392
690 1242 63.91466256380489
705 1546 29.916901046311956
744 471 91.24618889643389
873 1701 27.607684154515322
884 1504 26.256492022868734
940 159 14.622359184861295
950 1996 16.385644580871734
954 1111 4.9926510027576745
1083 1339 11.002184847887946
1120 236 80.56251090257005
1200 424 33.48364613647844
1241 1864 35.04304867916898
1304 1880 37.874209391995414
1313 719 75.38320397962354
1444 968 14.839510888039115
1479 31 10.559878824012776
1592 234 20.897056746590888
1600 961 68.04115432191811
1794 1104 17.62085425840683
1805 571 16.267875422686323
1834 622 8.322548422646557
1848 821 32.135863150034766
198 735 39.277832057808524
213 1583 38.902585767188995
215 592 68.2271436344261
239 1301 82.51060055133067
269 184 55.05536077556146
352 1870 93.36936944454746
382 285 35.93661379677918
415 186 69.84353594761033
698 1326 51.038363953336365
785 296 76.67600735601671
817 1375 41.75927954160813
843 1265 2.6522507753147644
937 931 71.45359499531017
967 988 46.742281638747656
1000 832 12.161622597777043
1077 204 60.65954114532938
1101 1135 60.636478077646146
1245 484 19.85768022464309
1258 1893 31.002440391361567
1462 1383 26.683200998486903
1571 1476 20.742010871583577
1588 1636 4.901165055228297
1768 572 63.75618731434204
1797 554 40.43130601911708
1856 153 22.981762683791082
1906 1126 8.297229566576044
1938 1582 20.77518922848949
42 1947 11.713619810799397
48 1351 3.5991293139047564
69 1330 18.393785385708387
295 839 8.27964322454134
315 1020 69.11632146907439
414 1010 87.4403707902856
496 228 89.9692240478368
665 1742 19.260725739987972
708 1494 76.82603593942538
709 1412 55.42289226926708
763 138 34.339672824463875
771 1370 27.585146993127832
878 1205 46.06457999026332
944 1306 70.37183502583267
989 1747 3.918747007028857
1031 1070 84.6768693342618
1143 1298 19.808441501250158
1166 267 44.520944492120684
1203 612 39.90057784420653
1273 1769 64.90992633133678
1278 1660 76.18983622739941
1299 189 20.747513537803645
1327 1399 2.9851833924529143
1387 1119 11.041427404075039
1507 1813 29.79195138913917
1607 611 49.60972397631813
1876 905 1.7889481821880966
1905 820 10.94604613528624
1910 1630 4.905007476900664
1936 1800 98.79137085138625
1971 340 67.98560233247203
26 209 23.620863862093856
157 88 81.6886635692514
259 1093 65.46186777107438
267 1579 21.19827834277647
349 821 48.42884703863184
383 1525 49.89732961384009
642 1358 39.72228269907278
684 542 6.5553789737676045
696 1913 1.9487605167648414
720 1606 30.473184575186473
737 692 99.99005570374611
808 28 10.413498088287454
896 1011 42.517561131917056
1034 1914 59.65943140895986
1096 1367 73.1542646376639
1097 1947 94.92111782514039
1107 613 56.82120035424981
1182 194 13.323025816193956
1212 806 14.575800179611017
1240 1243 29.323192550838368
1259 680 61.83396705557903
1274 1093 18.35981136903186
1344 1796 64.63129081772624
1346 1026 6.534956929392525
1353 543 57.01980616715246
1395 1509 10.662703317458224
1580 1106 9.783875244442509
1586 1102 56.989474365911725
1587 1446 71.85117715489356
1667 1007 48.983269058610325
1697 1743 6.8059931708525605
1732 1647 5.5430196222481065
1733 758 95.07515380767288
1745 672 19.509023727577247
1826 1609 9.918184684016524
1855 1352 82.6067713255957
35 190 56.59705498521517
253 931 13.391859217563367
283 308 51.03900183935338
298 500 68.35946537176721
374 1872 96.2510066282509
459 716 4.3240512996737985
488 312 30.67926590900396
558 1870 14.855108829284532
568 765 36.225308572878944
796 688 42.4056715149146
957 1639 10.030077475343512
963 1298 4.0771272425171965
1041 418 56.852703505074004
1125 1939 17.10299466310035
1168 536 40.292745827309076
1322 1457 65.09060928438672
1456 659 65.14902181049365
1468 1630 76.68388987843004
1481 481 14.275182354848726
1496 1426 47.58312019939734
1633 726 35.712453270284975
1634 828 30.86328402414266
1676 1334 1.8809006209345314
1850 1285 51.17273224841899
1860 544 10.440821711602277
21 457 53.52512690570113
58 688 16.58357981360816
208 497 8.429075333827768
287 864 47.588098483451375
365 534 32.795602509797504
390 785 85.75850392307231
452 1988 93.80362575237162
475 293 57.457882744221905
477 1781 15.772543174691204
536 1376 37.93210676290453
537 1039 99.03307013233301
621 1703 79.11859955878623
658 1090 85.06882079664406
741 409 54.214251081626884
759 1373 73.53967862740922
818 499 50.230452016997354
923 499 10.762214924982525
1054 614 55.459816542749806
1076 140 81.09532824429081
1078 1800 37.985487228253945
1318 466 67.58065824225446
1480 1538 32.89910025095884
1663 569 94.17314165210182
1682 1896 85.21648622562182
1715 611 25.000005381276736
1875 1207 98.45243103466416
1962 768 43.534666967838376
1985 1348 35.52221072793605
166 1352 11.974931633711485
246 333 96.66019677947658
344 1683 29.75481254730062
353 1931 69.92095876403545
399 1197 69.58409045185115
432 1870 40.19892228537249
620 1799 71.8084027386432
914 304 14.56660098318452
925 821 96.36162234477315
1001 1218 20.746322859992077
1067 992 19.527960257405006
1099 470 88.09167520542441
1183 1415 59.382917788056744
1186 119 29.130550413933257
1191 1359 8.816549927634235
1252 1660 74.82923216407448
1257 1508 81.92120660522248
1368 1766 64.41887981585091
1390 1369 26.85354388472319
1460 638 26.61509866996189
1473 1826 40.93595455939709
1486 579 55.91926006027791
1561 573 11.548540853414853
1596 1576 12.655722275286688
1664 1540 65.40349763200125
1685 506 38.60413769937426
1714 638 43.615098845128045
1789 627 89.65465002072901
1854 1151 5.913908860812477
1992 1888 40.924422352710565
29 1516 16.111253552103655
99 1429 44.7785983197922
161 1939 1.5198686322561752
178 600 2.607980879785815
347 1349 35.289987895466034
389 1180 18.373996470008006
393 1182 19.293338903686656
449 1628 30.537935881595203
534 1037 20.001273642169707
604 1432 33.624629911646764
613 1850 55.01727945963139
713 1460 82.5049979917591
717 817 98.98779705979163
757 1292 37.53804623346678
864 37 13.10089725010137
948 1138 78.21376126441743
985 994 17.630931664176586
1023 167 60.07716523907575
1024 1105 81.81223099926474
1030 1157 84.08300297828502
1058 1941 91.871722406144
1082 897 32.85839943273406
1085 1112 14.508715216891515
1134 1204 10.217363852687974
1174 229 32.639189437897045
1192 1131 38.17033052391964
1198 892 86.42992099535851
1314 1309 89.55470011090735
1337 1727 60.51305309895884
1437 1918 14.599160658139269
1441 1787 46.29957187309258
1490 1573 63.04200593849063
1525 505 16.088729608230185
1650 97 15.944782737914613
1778 1822 35.229199258292866
1793 1478 2.393634753738581
1820 1306 18.580785722222306
1825 697 14.516936751587094
1881 593 8.615214778120558
1901 186 63.54184892807544
1918 265 8.224329525029233
1944 1373 15.843000339061497
1993 100 6.561039901094727
62 1466 43.561449706391144
82 1334 17.64513809652297
128 189 53.11294063368323
141 1734 29.207865323772467
240 1927 8.301320578212664
300 1895 97.53319872596462
310 109 11.24668584976877
328 664 32.061507275043894
354 1161 14.59002252529137
359 411 10.953945572957442
372 665 40.30246285355167
454 1133 42.50481925068346
532 776 10.535075134889437
627 554 8.616811652693242
661 1568 56.42504629649645
679 1781 30.447038635235838
692 43 84.69196844153316
735 1177 28.8274168602296
751 14 96.43859212908085
752 1115 49.45641386564814
783 1783 25.788538576361777
800 497 77.77587432431325
916 832 89.89334347534198
1128 935 10.46212352840117
1133 969 13.940808516853817
1268 167 24.95187530767834
1317 1784 57.65354804100977
1374 1180 9.485023872151793
1433 622 48.444235277489994
1452 587 97.83913333737483
1485 407 22.69373149259905
1505 1762 17.534998539562626
1506 1577 30.52202309591974
1627 451 25.503691811873782
1729 1602 83.68798436106087
1737 1524 19.654177355196072
1804 1207 18.11501830784295
1839 1070 59.07430833402974
1862 1990 5.98472073812785
1864 935 14.21787117484474
1919 1290 83.8606910832608
1957 1790 67.95326126738668
8 1309 51.810557803309976
34 178 56.08070282591966
134 198 84.59841047990245
187 468 30.050814546328095
192 740 36.34044342750098
222 78 33.15204976510587
273 934 10.584353603496574
375 570 87.79757362387441
577 1238 27.70687788069926
626 629 36.59341980860973
649 1219 31.877144045856603
686 191 26.078062755059122
725 867 24.45765948130144
769 1052 21.973295174366083
786 1012 31.24541523957884
1018 1217 53.41379690457773
1029 1882 36.12565882195083
1144 1542 70.02247367692836
1239 1895 10.998053839719418
1403 642 45.13207659898577
1470 361 41.283837703141465
1570 524 55.61271253021443
1696 1432 38.785252760753124
1702 343 95.50627747575467
1769 823 28.419798037539692
1837 1266 10.723521637001383
1841 1860 85.33524399316055
1940 5 18.250373939211542
1972 154 24.34202931247983
1987 534 27.465148930986945
33 1116 81.36515924246184
136 735 88.4845343837636
152 541 94.6949130381643
195 393 37.43389825715263
332 1999 61.3975814277964
341 114 16.715874590172596
463 1476 29.637081684037966
514 1150 4.3485519593043644
691 1558 64.8807494129151
700 433 81.82886936737992
797 860 42.80907944373093
842 1491 77.26633787323676
859 72 50.525972309065104
894 1107 91.48081928259178
953 1471 82.81228210602532
979 1196 13.750363350703447
1049 810 99.30107536939212
1129 1445 8.345839774899272
1139 702 42.14741309213708
1187 1454 42.4445754185106
1231 1791 15.671774388051015
1303 448 3.2507974048746924
1405 109 7.1254963100089705
1419 1427 79.02095324395233
1474 255 17.694954273022976
1519 1141 16.55327395574762
1559 1857 63.40082267613075
1638 1660 29.766150546530266
1706 1531 13.989371865301074
1773 1220 39.42181614846032
1899 589 17.788709415840223
1924 190 93.40372701508933
1966 1248 4.839470715697713
24 1508 85.42648099226193
179 1698 35.13544682317574
180 644 63.197439285089985
241 1708 64.59152034925175
339 1623 28.072296138786882
486 1312 87.48842539046443
495 696 55.65584996223364
521 90 65.89539204135517
632 1615 77.12645074408401
637 221 39.311750623887086
802 968 73.34557479463314
977 117 65.08323033996139
1050 268 61.059366019243
1070 647 12.490864457938493
1118 1625 38.492544902651645
1140 309 30.62419991030351
1430 992 28.705600873791656
1597 1424 30.111061043383934
1637 1483 83.48963799008983
1679 1544 5.810109196591988
1705 205 35.90337172053975
1736 255 16.265232421076753
1776 1138 94.30178355209442
1785 602 80.60356973378086
1809 1705 38.595327132472875
1827 517 71.00978680664252
1984 30 7.646197505528128
12 976 78.53947260205759
27 1385 34.554230264682346
53 1034 63.68402925289587
132 778 23.427761606854837
249 758 94.14950143822193
252 429 63.87065204738685
296 1128 50.92129738319726
345 65 60.333170737500595
419 96 86.5604406083102
443 392 9.587039214987234
467 1396 15.182782982169538
482 1574 92.30038434661101
556 1579 24.80674723612439
560 1247 97.45800941616363
572 67 26.29643089812447
591 899 42.68913163747991
862 947 45.88381238741712
951 102 8.596369116172045
987 322 94.87231190764584
1002 1707 53.05559176702519
1063 938 82.17632629752738
1075 714 37.319315438436675
1103 387 12.152029340995293
1172 1129 95.21455101197795
1188 305 33.97102982992395
1207 1280 13.492413865215434
1262 1602 49.67030212257239
1267 1642 14.304166575875607
1293 783 65.80420847746062
1316 376 1.9174496795298788
1333 719 83.17700093771143
1385 1483 4.496581477816001
1400 1360 61.295960359163665
1508 218 53.41652827209268
1581 165 42.56272883159086
1618 1102 96.78563687597762
1622 1680 46.96345836637869
1642 843 4.942859331781786
1742 1012 18.801771496089053
1849 1851 49.67314815329572
1894 1947 24.26499999913743
307 1409 99.07095801855287
489 1171 33.96346677106331
498 683 26.894601111149907
563 17 8.9982572636684
907 154 38.11635466835899
922 779 1.066917219698317
947 511 17.75730537515799
1236 660 18.27087004958926
1325 1980 68.0918293630061
1407 145 53.218519057686784
1411 922 1.144742013022197
1438 1532 20.829362488719205
1489 501 41.979086887283835
1668 1703 96.26868308482564
1674 716 55.08897419747449
1813 183 5.38923314122561
1816 1133 55.157579602610916
127 423 68.85602958748005
420 140 41.67500253815681
472 247 6.48587215175993
535 365 96.42748985020263
586 1849 90.21246844078688
609 1902 29.85336700642527
625 1164 54.82087513536029
630 118 7.525273573692029
970 124 93.86221775701031
1044 1466 88.28100962987827
1181 1831 35.03534726805862
1235 1838 92.56788850916807
1253 362 93.568177761019
1446 438 64.94220099161919
1526 1017 6.800531797533734
1812 469 7.034806073569454
1817 1100 4.205891549781655
1869 1039 3.792450402988748
1885 1360 30.549116699076446
143 883 94.76588685416817
201 1323 8.81377359949132
262 666 48.811536999366524
438 131 22.205073459681135
509 392 52.0127852370198
540 1147 65.71983623635616
656 1557 30.72614423501209
766 145 28.895401537673767
777 297 28.69234708477422
1036 1326 70.06502979635842
1138 1355 17.334722281429496
1221 429 10.003222800717097
1250 1638 33.8179134976928
1416 498 36.566695999606
1499 747 13.561928692767214
1521 244 78.24602995499254
1626 1235 94.02534851372387
1629 892 51.37366360615403
1871 526 28.199332982585368
1893 680 12.668303613504015
63 1681 29.041400537964485
71 1116 70.6634550748837
104 189 46.80845423379996
107 696 48.08727376636388
158 900 65.34610774512399
175 1498 39.654919523446345
186 1547 7.246953166190238
197 142 53.86710382012785
211 466 4.44509761405566
337 776 70.79383771427948
439 781 99.29280325950701
570 1770 71.59774473516019
676 1402 53.24378694315048
875 1148 3.906268866107546
918 994 24.066776444114556
942 1310 26.838102953437392
971 1531 37.85173463778377
1092 778 46.49859450468312
1163 1579 40.34926750230417
1331 140 17.38837740866181
1427 824 61.151716792636805
1475 686 51.57166207922893
1589 114 41.468170327484714
1865 1439 41.5099928284583
1903 1420 33.80039656010687
1941 1187 54.01592678591404
129 1301 42.917230265888264
214 1372 57.157219530687826
242 508 45.54747507063661
311 1335 34.30097176301616
319 1402 15.629795121732851
343 1240 80.65696756170047
363 644 48.26740352364875
370 810 88.34225234331849
442 1665 38.18890784639677
455 408 60.968155860817866
523 1793 49.29758401630405
633 1365 36.14587312540047
638 1179 2.0442295056734165
653 1671 44.37842788902968
753 1449 58.16512740111199
849 1813 9.160353380539942
994 1631 4.430294929419086
1211 1762 63.09539501100738
1216 1411 91.50321975296008
1320 734 21.487329354424833
1341 849 54.119916790931526
1413 758 33.401638735932096
1451 90 18.537466765775687
1495 398 72.56537031169874
1522 510 82.33760202954328
1623 1396 26.606533205460583
1891 52 87.11640794710738
1921 28 42.18297537588803
1946 910 77.48871303210191
1953 6 74.82086222836557
1954 778 13.299480743809447
9 228 11.796346990380705
14 145 7.021715341956076
44 1984 57.8359004288148
89 841 20.529908479574342
144 704 46.70631786565793
277 1100 16.810266550885935
291 146 25.7503179473117
480 199 50.2548158568691
493 118 10.35608880399434
607 958 32.104144838348695
616 831 29.841789590544238
636 1128 68.06971769055438
677 720 35.444539106238686
699 1975 50.00201493877396
710 411 22.622750643075268
960 119 68.15955513916802
1003 1739 79.68977818588515
1149 1931 24.517280209777322
1154 1732 36.722063201500035
1307 1925 59.10114459382025
1315 1628 39.27000140335748
1500 818 86.13628993561285
1532 1387 19.80160088072372
1612 326 14.67016609273581
1680 547 8.360457932639456
1703 1652 17.880715359281158
1718 408 55.374216373018115
1782 1528 40.93577280561141
1872 1316 17.127833154263428
47 447 61.74375477301101
177 1914 26.11137584585206
221 1436 26.768687342850434
284 1493 22.29929783009787
290 334 43.66184916540651
551 1180 32.133984629438444
615 1412 46.7006000604817
789 1915 65.89303760996997
897 1842 27.85453784297185
1028 258 5.5007185258428555
1173 875 77.37159875847284
1366 1241 54.027714633445754
1504 660 25.147381708647277
1750 1102 22.868629793264198
1877 405 31.786816890081372
1922 1798 56.27607943351661
51 1268 31.589484194161106
115 1960 34.49834753730054
264 1437 30.44595327154449
292 939 37.22779789923874
408 506 42.168715927691245
448 721 1.3438561995458702
538 1869 23.359868010114795
599 1000 31.16114157937444
669 1659 20.535119142442387
715 638 96.605960993669
739 1812 33.04170796961348
805 389 26.46922314272239
807 193 78.30331513086408
854 389 19.433707843678704
856 918 80.99794801609468
1035 1000 28.697822756458166
1059 729 17.43218015133566
1084 1707 30.87475021882144
1145 1746 73.2674265613587
1210 1991 99.72965345109878
1233 1994 59.20547919485741
1244 1904 28.266000061440625
1254 1669 3.003055970733916
1330 164 12.007499172099603
1435 1862 30.537219627928863
1515 203 55.00196533711906
1574 1312 29.221868267041433
1748 1332 76.98970011277328
1799 1560 30.810529020922434
1858 836 57.269658488523135
1943 1736 26.899673855620495
1950 968 80.58577859094116
1951 1661 81.68146466411314
13 1554 46.34620968767052
196 1442 89.05916518421586
257 262 56.79818540869828
301 50 27.477324790256954
334 501 23.261836761288855
379 1801 29.17160358265458
450 514 53.66142724117912
464 234 79.57594200065527
522 1365 48.83721120856069
671 1149 75.48022404068867
745 403 50.74952665260057
764 1330 46.38647641129205
784 1945 17.386982836775033
838 124 59.9090815870059
961 980 26.756512479401167
964 1506 75.0597662736622
1056 1539 53.11840290070258
1087 1746 18.246064424597535
1237 1534 56.70569218825493
1282 546 21.93028853257017
1347 534 53.119142554621405
1350 1571 47.203103534224354
1535 934 37.876705433333996
1564 972 63.399457311778626
1821 884 37.40109000782436
1829 1007 54.90726279737111
38 65 36.006209883743
121 1563 58.69121194405554
171 55 34.74870219516394
457 1762 21.402080563171204
596 66 21.912163942810917
655 141 44.97567227072229
688 776 14.648862554921191
780 1684 14.05939565101734
986 1933 57.814535780865555
996 1743 30.21541113697193
1004 139 38.295267211429945
1311 625 92.11882626335128
1603 1179 7.102297596349832
1746 984 5.22693558995265
1866 145 38.80537098488034
1980 1732 5.55126021258733
1 1881 13.869221012900242
95 13 52.623670256595325
256 1372 66.21455446499168
272 1327 25.543969370029014
395 1351 24.316604027351858
396 1529 75.62190852636424
440 1220 38.86548226628583
471 1243 43.292857647159806
527 539 97.77045547501866
594 1 85.98220651163746
742 1751 10.427291217619933
787 407 16.16537090422874
798 1747 8.012002234650698
855 1098 21.116551901824955
936 647 42.18156742404555
1068 1977 3.1693767281136567
1108 73 80.81381847010962
1256 367 57.839201964361955
1363 642 57.94830442877219
1644 806 88.2179105030468
1656 372 99.72000850576248
1719 768 53.90802197436892
1755 1744 76.98534311070112
1926 232 89.241836553035
1934 1128 32.55297388770909
25 1739 22.287283566422193
126 209 83.06693831655198
528 1990 2.6971171626402928
547 1039 5.609635103432585
589 1387 14.74516583698226
597 1042 59.786833405868784
641 161 69.91112686902238
660 1744 16.85343541032057
728 1842 63.64429246178671
794 968 68.31828978703633
903 191 54.7600390677644
1104 575 1.5143270146329817
1114 1798 39.20777269738758
1232 57 6.208273816126656
1279 508 68.79981462224471
1321 1052 49.553205592620444
1487 301 39.9964675601321
1523 1764 36.56583775029661
1759 1966 34.4917635350739
1767 726 59.20446580070425
1771 1159 29.889335138564647
1861 596 25.41241676635329
1912 1646 74.11547938342545
80 1323 83.370565394099
87 1657 82.07591155096034
125 689 67.34152359947753
567 1568 49.56974215496853
601 228 45.06600808150305
603 229 84.70660067849525
860 1684 6.732688458289912
1009 481 56.171389061728036
1046 437 77.12823419576479
1178 1762 23.397985747984023
1184 1851 55.806588709632976
1222 579 41.39637333323061
1392 1925 51.22417070507472
1397 1373 30.580320079979657
1617 1582 27.036397645759454
1710 637 40.56215687628315
1725 1401 81.02604304510454
1835 174 97.49079460426995
1863 1447 78.11517656594764
1879 460 74.3135667695063
1974 767 36.46405020475773
1982 388 46.43253263220375
110 1379 35.000339807988496
172 161 83.14639673212943
176 1130 47.54337273769011
289 501 84.87006417395332
394 1477 14.920575687795546
485 781 60.68928245391851
501 563 22.9061357333063
667 973 64.40740878934773
675 843 26.97298614978373
793 1180 23.3928952844812
975 1414 26.623244582306057
1065 1153 91.95929794341339
1066 204 66.43100292435552
1141 1647 11.024523286360228
1189 365 64.94389387113671
1443 1165 66.44296541985449
1727 1630 18.295479085593698
218 1813 25.711553656246398
335 1975 30.46384196241388
479 546 71.05010295130924
494 175 55.86104328940135
510 1141 64.52775098547201
701 1902 68.78497038543867
886 200 92.5067361960694
990 952 12.871442079183964
1277 1505 74.3535350930808
1294 1786 91.8850758647705
1434 776 49.048452496842
1447 579 45.43552402512369
1527 871 13.566130140631358
1569 1720 11.386509453109596
1670 1709 27.911475984268822
1690 969 98.27415651087854
1713 1902 97.37101344231156
1795 704 9.184391952860222
1873 1620 30.306195692333407
1382 221 26.915890982162086
581 1055 36.03751444718063
569 778 9.483717646036837
446 952 54.188590153402124
1782 693 55.936345007417245
1260 1002 63.44468449365079
643 488 72.70621874536276
1070 779 44.68730893876623
693 1647 49.47456059302868
89 651 60.637499542043415
756 583 39.13855382220238
1153 204 43.1854912154215
1276 676 64.27174998094891
1448 1746 49.27050372906264
1494 1546 25.633489164712312
1498 786 40.23781512629109
210 1787 61.14971742876468
358 161 14.740476490000434
245 826 64.33959900729964
1887 390 89.80723341661354
56 236 57.19176210482533
1159 843 26.95634243904464
460 1651 24.199588570268602
1869 1723 12.180810458002973
268 1899 72.11792562613131
271 1911 47.18078413702301
356 1848 53.57310748354712
1083 958 36.21853279492409
451 919 28.289323051717602
1537 1828 17.729489447124564
478 784 47.878363220809774
1805 1556 47.96523749444598
816 395 26.81774242947894
906 1825 31.087021419540214
1764 1927 10.428971706717777
1804 140 24.51548994324558
1047 236 55.61304645871632
1358 212 37.266518837607705
1305 567 99.26600196662893
929 323 15.991694553815199
1726 1573 72.15785622710062
1860 305 61.01979171797661
1935 820 39.01915902496895
480 1817 56.67620900910401
1474 1843 38.94832558529261
323 505 11.879656612035987
1249 1167 37.57076482826256
466 1583 32.745846423905334
552 1895 59.11657430436435
623 76 71.24039719532449
931 754 45.74718053248607
1043 818 68.97005081769825
3 893 66.44470661713436
1881 305 46.241867369004524
776 4 24.55522900295584
817 741 68.2506322764077
1986 1582 52.79146465166548
1605 1897 15.765304774009845
1562 1130 17.84041511196788
1922 1131 73.46652344186037
1810 1146 28.870784271081263
7 683 78.02368689210607
85 1204 90.686350426425
1224 81 25.088331007450634
280 1716 51.95775908391696
1357 187 46.31027816728797
130 788 36.89716922922239
579 1807 19.551786569259846
598 1133 20.359274263145785
897 589 30.811995272131806
1266 462 86.50929402433559
167 1709 15.214107184379746
1093 1450 31.375499700497844
616 1445 44.40704047658195
562 810 44.27173703150642
1208 679 70.89284773365202
1217 81 52.87229175706253
1338 1098 39.76854130048259
1381 1759 65.88465647578172
1851 1705 36.501292567882565
1991 1762 52.787214347242724
1461 158 79.34668311073543
1467 597 62.878335089120576
1687 950 47.139456131229515
1308 1723 17.187847837267235
1937 1426 58.77388735451547
1730 1790 41.71714210978225
921 972 87.84266281090592
592 163 55.33162029893971
617 1582 79.77002676359949
951 1367 31.522464103037954
52 1902 40.67765005595204
1194 1869 71.71626421390563
425 1854 52.51381257729392
892 952 38.91496796237251
1555 1817 55.180956088163626
1340 1783 31.24051014007112
1882 629 54.15369261643419
64 1854 40.13107621267527
767 882 7.269737919957292
438 1104 42.61583194935046
1756 214 60.904388056623766
1539 1916 37.292553688585
758 333 25.405394417208676
887 1967 57.817318214013596
907 1897 46.92874236746943
1156 420 55.21727562238222
1171 735 35.73073241633026
877 1316 7.323326923191658
431 1238 46.775452268153444
989 218 40.40537054929255
1380 1969 66.39250204443177
742 203 32.799931393244805
1838 1195 50.70804556124487
1915 1111 7.711683226359145
462 1761 50.88568904515252
508 546 26.475349005853396
850 1530 61.988658511008055
848 1814 50.603847585200434
865 1429 74.32515984318364
1074 1222 84.80160787033434
582 961 60.20633598163301
1880 942 32.185882625566066
1547 1388 23.013956203650622
1492 848 63.22849890999703
332 1247 69.63801769295226
1615 902 90.29215991656886
1961 1516 34.93055108649843
1251 973 64.82381655514168
1952 1612 51.658829349501225
754 1377 42.00828384713873
326 1650 21.526828792153225
380 140 77.33868355936785
1975 843 7.685724358003951
487 570 76.40794533618379
1098 918 35.29594607620121
350 1300 54.319214447156625
870 1594 17.5293324650457
28 541 43.249636619834845
1275 740 29.643991103029418
590 1904 49.819270278867684
260 392 64.26012802867817
1653 1775 36.39521301953669
1655 1883 62.55889629991821
1464 406 30.208722415468433
566 991 28.059375834250936
111 1995 44.33806915661406
836 668 61.79658679982006
303 1131 50.50771245349374
1661 1870 19.10407261006063
468 1969 30.74959442198454
584 866 39.39215637846098
724 1597 99.4018107475431
952 1977 16.603922329486103
917 1623 41.59357484703597
1137 1000 14.586365696074415
1264 140 44.32966710869633
1271 1994 42.260500042832895
1284 497 38.68551269291933
1426 866 12.824857683880857
1853 1562 66.50479303298148
696 1939 36.544878044965515
1770 1802 66.50961302175034
945 1939 32.487714207343956
1348 1699 25.94787221850973
1689 2 25.81476547608426
334 1589 56.250578429933014
493 1399 60.83575187379934
465 739 60.19384975344898
234 1396 14.748810331798207
1933 1428 50.54726007477773
471 1205 50.06645796180908
622 174 53.07988508689488
491 355 61.95202640703474
1155 1212 60.42133727336311
1691 1754 69.9208174788557
1242 1187 48.00761442407008
1309 1222 46.3575609311389
65 864 30.84051683982524
1135 605 20.8842973815051
1536 951 96.49883750277264
999 451 35.26981376377505
1823 25 77.12731028036912
1737 1739 32.10955654251322
1883 957 25.573660156664253
902 980 50.70205331339869
93 1995 56.88468655687713
861 1361 44.01387527199589
711 84 51.485254169974226
1349 173 66.7727588724589
1871 1688 79.89404614650529
914 1103 25.267560563281705
191 1984 19.91923964265718
565 1775 34.71868190103549
324 636 77.72225787890201
407 313 58.786512043029845
863 1669 61.27440803831691
416 546 45.22804977215185
1025 858 54.102627116056375
522 941 62.03541674734945
1285 327 53.0222379886035
492 1552 48.41316675789422
1701 502 26.816636881067186
1857 1701 59.48427999604351
1908 613 68.48955067987868
1930 824 60.400778855359434
23 1930 70.47616243606055
122 339 35.63225796604858
1544 63 49.17664258306083
577 1134 36.63183223734276
606 465 81.76283941956837
403 1373 89.61671861180916
437 1383 41.47782664610558
824 1433 55.78626654668828
1033 873 78.33127401376177
1283 1471 16.738271821261044
1557 141 45.443868340300696
1560 1413 36.173056215863404
1599 1960 67.49168011405528
1654 1764 44.33373716141154
1738 484 67.69352014282327
1803 1754 67.31459146321723
19 1148 28.226583956237366
223 509 91.73141204464626
235 1647 37.522205384620854
270 1610 37.683479606978835
1769 956 33.451572229594404
318 440 62.353844744607855
391 175 98.84481707405028
247 1630 17.30105090912229
1306 258 58.10035191626053
646 394 33.036565338423195
663 257 72.34264407529002
749 1087 76.38588516050584
360 1502 55.48490401218205
1014 311 83.0006492097802
1289 1405 20.083581236324264
67 1413 33.48411323784627
1845 589 38.69247032538557
94 59 49.080508784208625
1949 1478 37.93703913730973
511 864 49.56896267549746
275 541 61.9223669722329
1491 694 45.64909610391846
905 1334 28.94838019146934
42 1895 66.01689399582706
1090 1652 78.91218746696211
1401 1292 46.18841804567998
40 1424 60.440599031243025
92 1937 76.22783781116709
444 758 66.51746127442135
775 161 45.41154592424241
852 1241 51.619165131237814
1864 100 28.192693081129757
1371 234 51.366818772255776
1540 569 62.242973135728896
1641 273 29.73098849202025
712 836 77.73618975853556
844 50 83.11661820600663
890 601 62.399026599594244
1444 1870 32.32196230722218
1753 1588 30.23976889906068
1272 312 71.16524083710836
1992 669 59.62811267767646
991 1103 22.25689449103264
1780 1111 26.409136212728768
43 103 76.49795756174812
59 1993 28.043517592112178
142 1980 37.41625486427825
1619 1220 33.28655373160387
320 5 33.05337473424022
283 165 79.59601175530437
880 303 51.40312910629303
1169 330 36.07441187583647
1206 569 68.28979095072773
75 1975 58.00015691294628
1180 82 34.61181483369793
1152 1943 84.14559597971946
1530 1504 59.27839812863912
1218 629 64.17985633407326
135 432 77.31659731594699
185 1529 78.13511675434987
1902 229 35.39510417911789
924 1059 72.99428886505628
940 1494 44.063304965063544
950 1862 17.27312308927705
1313 1043 98.81261483005967
1479 295 55.769069735494014
961 153 35.608922735726246
1177 605 32.74585038213368
436 1036 93.44378069590813
833 1653 53.30036359268224
1735 704 76.344605235997
267 1304 48.94086188062856
1327 1583 41.54121245305867
611 1280 38.22947493009056
340 1421 38.58972435206387
338 1638 35.53151424592935
727 429 51.52716004925062
893 1451 55.733614061090584
896 164 53.2493790827857
393 538 67.25632948758546
1007 820 59.3678178583898
1743 164 30.81396826403578
1519 1509 34.44567996958536
459 1331 60.18070477642372
488 543 56.3261971509802
963 358 41.9168352387776
1322 975 81.46196206974783
1633 529 81.50256487047707
828 1416 51.442734045356545
1763 923 66.07308116742378
1987 100 30.979223078762278
477 672 38.26955866220607
536 1197 41.196713577514714
1944 506 50.43084675456293
499 935 47.47955178023329
1682 551 92.94786976421126
1962 153 45.66167103185018
166 321 90.60954168053786
992 248 71.22388112039535
1099 1812 96.55321008846754
119 1983 72.64963184524372
1368 776 68.57264068322739
1369 688 38.98728632093101
1460 905 47.044323613771724
1561 765 66.75023826235241
600 114 29.00646428282737
1918 1993 45.36175998087201
1672 408 47.61197961105184
236 1796 31.619781035317754
430 880 51.81153647696251
627 498 51.76883746235358
1022 1342 27.38617310550262
1209 1630 44.10393130771822
649 1945 46.07793088736183
1144 1219 72.48177235299188
1470 347 71.69998746234114
1758 177 63.931408355394375
514 1000 67.15333879592212
691 1660 69.64985972640618
780 1661 21.02950243334257
859 1116 70.16891227894364
721 1642 45.52350194021096
116 1967 79.13346622480282
180 1908 73.56116112361353
1118 1638 55.056372800166976
1140 449 54.900088563477055
591 1885 44.032950657011746
670 433 74.83464380034975
743 1799 78.78341378083843
14 451 48.41920918883797
209 1354 36.96780193444725
474 590 67.46290994982651
1060 951 41.24474263901216
1181 151 44.3097834593031
1526 1241 41.67811369262282
277 795 33.416146259318296
257 498 60.908751878323685
540 1035 85.96369674309753
777 946 78.60508642221626
1221 864 31.619716323479093
1499 269 86.21695920967821
1521 1426 86.77294359956143
1402 664 41.09969619174503
1665 1781 40.67697391379454
1953 75 92.19508101573884
54 1149 74.86506443856497
1117 305 52.035067482578135
1106 165 46.25424804700842
1296 1268 97.44772303572773
1391 1727 67.51497912027847
1059 148 55.89953379701869
1247 146 64.47672458424026
1759 1092 59.306065422527254
1574 1283 52.01170055834613
694 1639 32.143421451423585
1087 985 46.638497278192126
1196 1937 80.24458333534788
1538 481 65.02387930324653
1449 1707 63.47224445400682
1232 1034 80.81481231057944
1321 570 80.00746220647191
1711 1952 68.76194920476581
1895 1904 46.450364880075284
219 1520 73.83181108846334
1791 1359 38.04874655294608
1889 557 39.52650412936852
150 1101 76.5485661988774
206 1774 94.84253348170554
614 936 95.3474565371433
619 28 45.896391387837284
1246 1636 61.256871144477074
221 1185 45.181038128156004
569 1876 43.752946677714924
142 565 47.432544898193015
706 991 28.210438909079862
779 1604 85.90750839293277
323 1119 32.055555861139666
1630 114 37.91234622803138
541 1236 38.547138201741774
1494 1178 47.0407376593104
1787 25 45.70393668056287
1548 1562 42.26078095277484
253 1098 55.53330013283083
460 1723 40.824269730279724
607 445 65.6998757434515
476 1751 42.21613870872302
82 1562 33.97379362682006
906 1842 56.8168673415945
1764 1828 70.35743824545787
611 1486 58.0120488808711
642 1610 59.27040569747457
1986 316 58.185805190554106
1354 1646 40.3181014572399
305 310 47.90067088912381
707 1203 46.27481734007146
1474 832 49.99388427438342
102 1518 45.73947250636754
1784 35 59.060043191208216
1356 1935 51.639858029361875
1064 1895 71.9768256363908
1375 389 73.92517165373344
796 59 44.76237448308013
1810 1268 44.86795071981146
164 1744 29.522056225883823
998 372 50.04300583485402
1093 55 37.63525615522339
1122 1707 65.44598674823425
1435 618 50.43101831360707
530 1539 91.06756323387785
1440 619 66.20763388469949
1760 929 49.71085880813986
892 994 47.70469436819608
1340 1242 49.072894436346736
1890 1224 62.68273493029201
815 565 77.13155968317879
131 460 49.1408211664
657 682 81.20840775495111
1944 63 68.17013922125317
154 229 50.69870435463031
1316 171 42.24019192564544
316 1961 47.98443119442099
1507 1469 49.46813197237162
443 1512 68.5903050560526
1780 1346 38.27106977482907
1304 536 56.935216062348935
513 1271 64.5391368550543
1247 1039 70.3555195317904
600 1130 33.88950431585107
1650 55 42.563416882685814
433 931 58.252815240844505
1594 1509 60.040621942934735
1720 506 83.50290881341152
546 1537 48.07452847688206
386 1780 47.33405613162272
1791 832 50.458671585993095
1471 996 41.78722842332034
1529 538 68.72012092156817
1155 1941 66.5400023749769
1803 897 72.30850422139152
1648 1357 66.57318980009897
1135 1567 61.75082785211049
999 1555 55.51817785519407
858 1106 63.795130487972415
191 1676 75.57580096306762
407 563 61.84791936624105
516 644 84.4119269657095
1701 1914 42.18674394645876
1383 905 55.75604813708269
585 480 80.77183983355381
1557 201 72.98105110992094
270 1481 56.60347035908855
956 317 72.41861111733436
520 941 62.165688351803496
828 1483 75.03652045714371
248 1532 32.943414364301006
1949 1676 39.18583348617211
613 1421 59.63047639078816
934 248 35.25628515184543
1127 677 59.11346674195658
1169 1180 45.13175180865135
1533 1688 73.67358531184057
19 1840 55.28728697078769
1527 1127 84.73048591843147
1558 1801 69.82401089286999
497 968 53.83136261421004
765 676 86.40101819827342
1022 1268 66.02957771624719
1394 1350 68.04241948234402
254 959 53.81432494706967
839 1783 68.61126285124018
512 1236 49.343315804159104
1298 1746 51.00751111877922
1892 541 55.717442513439835
285 457 49.994526148992456
25 698 65.44074982324923
1104 775 57.04806898079689
1537 951 54.05653035991234
562 16 49.536616560278304
755 1570 63.729148571679474
1543 1897 53.938609985190205
1289 1181 54.60345159459619
1243 1642 61.28725304329108
1960 940 57.21425210063162
1883 1688 65.23580190335412
1672 39 75.27814077489634
104 1157 51.199713916061555
----------------------------------------
Total MST Weight: 85523.370651
Number of Edges: 1999
K-Machines Used: 48
Input Size N: 2000 (N/k = 41.7)
