2000 2485
0 1451 90.15257252754407
0 622 1.2807195965216187
1 594 85.98220651163746
1 1226 15.324110051730292
1 1881 13.869221012900242
2 1689 25.81476547608426
2 1346 18.275214969237954
3 893 66.44470661713436
3 1064 3.5522348288336376
4 927 2.471172395840176
4 799 79.20848175924064
4 776 24.55522900295584
5 320 33.05337473424022
5 1940 18.250373939211542
5 579 6.187502768256475
5 836 74.4300876384608
6 518 53.08246713318884
6 1953 74.82086222836557
7 1162 48.14835057690178
7 683 78.02368689210607
8 1309 51.810557803309976
9 228 11.796346990380705
10 51 50.88003028879631
11 1408 94.59614865404052
11 1828 5.293138653017999
12 976 78.53947260205759
12 1930 86.83110986822399
13 95 52.623670256595325
13 1554 46.34620968767052
14 751 96.43859212908085
14 145 7.021715341956076
14 451 48.41920918883797
15 1518 40.76010819674349
16 1083 68.92365211016104
16 562 49.536616560278304
16 1159 91.0603820824077
16 1367 8.275580860878598
17 563 8.9982572636684
18 501 61.22144493971056
19 148 7.502541098691277
19 1148 28.226583956237366
19 1365 63.674595705800535
19 1840 55.28728697078769
20 1138 33.193358888548126
20 1058 99.46814783023143
21 457 53.52512690570113
22 285 45.91782633997169
23 461 60.937252361995974
23 1393 10.818667706225156
23 1930 70.47616243606055
24 1508 85.42648099226193
25 698 65.44074982324923
25 1823 77.12731028036912
25 1175 72.36315174910231
25 1739 22.287283566422193
25 1787 45.70393668056287
26 209 23.620863862093856
27 1385 34.554230264682346
28 619 45.896391387837284
28 1921 42.18297537588803
28 808 10.413498088287454
28 541 43.249636619834845
28 1450 66.84567844297058
28 1131 38.05580132011815
29 1516 16.111253552103655
30 898 92.37551853770405
30 1984 7.646197505528128
30 1712 83.34541695901059
31 1959 10.229780068664063
31 1479 10.559878824012776
32 1827 74.14080385038285
33 1116 81.36515924246184
34 178 56.08070282591966
35 1784 59.060043191208216
35 190 56.59705498521517
36 1209 33.6349521602043
37 864 13.10089725010137
38 65 36.006209883743
39 601 66.86871148028862
39 1672 75.27814077489634
39 1534 86.94112273803744
39 1000 72.3850071958688
39 963 96.87146390583597
40 1424 60.440599031243025
40 1754 35.81297238362175
41 1686 58.21393332059563
41 1272 22.061141761528603
42 1895 66.01689399582706
42 1566 23.20024204164899
42 1947 11.713619810799397
43 692 84.69196844153316
43 1988 37.38854401091967
43 103 76.49795756174812
44 1984 57.8359004288148
44 1699 80.9149157440821
44 604 84.67036097150745
45 61 97.48011361044512
46 191 82.02425909452629
47 447 61.74375477301101
48 456 64.62721721915331
48 1351 3.5991293139047564
49 476 92.97934480849871
50 844 83.11661820600663
50 301 27.477324790256954
50 94 18.861191124124588
51 965 70.56717851369486
51 1268 31.589484194161106
51 1518 34.64264102094858
52 1185 1.6044731509622103
52 1891 87.11640794710738
52 187 57.06578838137625
52 1902 40.67765005595204
52 512 15.045590760975596
53 1034 63.68402925289587
54 60 4.035052739709686
54 1149 74.86506443856497
55 1641 22.298155123317585
55 1650 42.563416882685814
55 171 34.74870219516394
55 1093 37.63525615522339
55 1357 72.43800080652464
56 1342 77.90672637670735
56 236 57.19176210482533
56 1923 9.41074695774075
57 1232 6.208273816126656
58 688 16.58357981360816
58 1012 62.165980010677025
59 994 67.72290235069819
59 248 27.938181511075676
59 1973 66.53193058801786
59 94 49.080508784208625
59 796 44.76237448308013
59 1993 28.043517592112178
61 407 75.7393712231687
61 191 12.267933302909974
62 1466 43.561449706391144
63 1681 29.041400537964485
63 1944 68.17013922125317
63 1544 49.17664258306083
64 764 67.04612331489861
64 1760 5.496318897838325
64 1854 40.13107621267527
65 345 60.333170737500595
65 1648 1.7610215040884043
65 864 30.84051683982524
66 596 21.912163942810917
66 474 14.586245720475373
67 572 26.29643089812447
67 1413 33.48411323784627
68 902 1.765260750361882
68 1186 74.95439821954702
69 1330 18.393785385708387
70 1436 38.640537125808386
71 1116 70.6634550748837
72 859 50.525972309065104
73 1117 83.50206603956795
73 1108 80.81381847010962
73 1264 8.135474162623627
73 1709 86.31467184023627
74 451 5.187923894716346
75 1126 2.8554121219789246
75 1953 92.19508101573884
75 258 86.34889134759457
75 1975 58.00015691294628
76 1997 57.76656840769846
76 623 71.24039719532449
76 1937 42.351702024504576
77 919 12.402163893716025
78 543 3.064799343450132
78 222 33.15204976510587
79 1295 80.33089327673477
79 1758 62.194401067119784
80 1323 83.370565394099
80 632 92.05720542239708
81 1021 9.724858248490584
81 1214 84.603951621655
81 1224 25.088331007450634
81 1821 59.29825754198828
81 1217 52.87229175706253
81 1840 40.180902989073964
82 1678 31.71718162175027
82 1180 34.61181483369793
82 1562 33.97379362682006
82 1334 17.64513809652297
83 1206 51.537845169672686
84 1602 12.288637344016703
84 711 51.485254169974226
85 1204 90.686350426425
85 631 35.58815128176565
86 569 73.01053146171652
87 1657 82.07591155096034
88 157 81.6886635692514
88 1494 24.390616045725704
88 1652 15.497977609491745
89 841 20.529908479574342
89 651 60.637499542043415
90 1161 76.26131425914231
90 521 65.89539204135517
90 1451 18.537466765775687
90 566 77.51196083550846
91 1780 49.91758547672148
92 286 75.69013669945159
92 1937 76.22783781116709
93 207 45.44162044251124
93 561 92.49127158018028
93 1995 56.88468655687713
93 1354 63.89453358699875
94 664 62.82765616474759
96 419 86.5604406083102
96 1763 63.09452328307741
97 1650 15.944782737914613
98 326 7.760339591079853
99 1429 44.7785983197922
100 1987 30.979223078762278
100 1864 28.192693081129757
100 1993 6.561039901094727
101 865 51.22635164368804
102 117 31.73037721002478
102 1518 45.73947250636754
102 1657 6.632115032561285
102 532 83.33796653464903
102 951 8.596369116172045
102 372 86.56075335859867
103 200 85.67404377415293
103 1611 61.885830453141786
104 1157 51.199713916061555
104 189 46.80845423379996
104 1732 55.87732076249209
105 1826 79.3899619292705
105 1556 89.69179979012345
105 416 45.52363666143972
105 517 81.17177585209915
106 1673 65.53190801021238
106 1949 32.83114952516241
107 696 48.08727376636388
108 569 15.935246592868214
109 1405 7.1254963100089705
109 310 11.24668584976877
110 829 90.01355656162158
110 1379 35.000339807988496
110 1493 71.7172393675788
111 1815 50.950351148594784
111 846 18.083332232200128
111 384 25.52662863623014
111 1995 44.33806915661406
112 318 44.50275738449981
113 440 52.75205549128901
114 341 16.715874590172596
114 1630 37.91234622803138
114 600 29.00646428282737
114 1589 41.468170327484714
115 1960 34.49834753730054
116 322 60.19070037591596
116 1967 79.13346622480282
117 977 65.08323033996139
118 630 7.525273573692029
118 493 10.35608880399434
119 960 68.15955513916802
119 1186 29.130550413933257
119 1983 72.64963184524372
120 761 65.99984455463732
120 926 90.72792701920405
120 337 87.45468654399335
120 1292 34.002841569995105
121 1563 58.69121194405554
122 146 15.001409677847466
122 339 35.63225796604858
123 1844 96.80195426158171
123 1248 70.14951631837621
123 1271 39.80384044920067
124 838 59.9090815870059
124 970 93.86221775701031
124 734 31.648606854180134
124 815 38.291251299573716
124 824 79.37453382849081
124 1110 81.5052935976653
125 689 67.34152359947753
126 209 83.06693831655198
127 851 74.1386925408188
127 423 68.85602958748005
128 189 53.11294063368323
129 1326 64.95645725261531
129 1301 42.917230265888264
130 435 36.82098153833167
130 788 36.89716922922239
131 736 18.84602936480762
131 438 22.205073459681135
131 849 94.81915848590035
131 460 49.1408211664
132 778 23.427761606854837
133 1683 14.61896996453085
133 820 8.639343345786756
134 198 84.59841047990245
135 351 11.012935603121521
135 432 77.31659731594699
135 548 83.67686283682104
136 735 88.4845343837636
137 1735 4.737001743398563
138 763 34.339672824463875
138 1854 76.86445284027691
138 468 13.973855101521293
139 1004 38.295267211429945
139 1382 17.062473996756598
139 1218 83.30316061222342
140 380 77.33868355936785
140 1076 81.09532824429081
140 1331 17.38837740866181
140 1264 44.32966710869633
140 420 41.67500253815681
140 1699 67.95992929666475
140 1804 24.51548994324558
141 655 44.97567227072229
141 1734 29.207865323772467
141 1036 75.1051152914482
141 1557 45.443868340300696
142 197 53.86710382012785
142 1324 31.637321759716173
142 1769 81.05376323798785
142 565 47.432544898193015
142 1442 83.67622587984503
142 1980 37.41625486427825
143 883 94.76588685416817
143 1943 98.45953955962615
144 704 46.70631786565793
145 766 28.895401537673767
145 1866 38.80537098488034
145 1407 53.218519057686784
145 1449 96.66054716738878
145 1052 81.87223271854278
145 929 80.32466319100321
146 274 14.70145492573969
146 291 25.7503179473117
146 1247 64.47672458424026
147 1236 87.53757756017147
148 1059 55.89953379701869
149 1491 11.156383443092526
149 932 84.7433353966104
149 1573 85.2654387603931
150 1069 29.221238391873516
150 1101 76.5485661988774
151 1830 28.006338659544305
151 323 90.62531468884588
151 904 15.587516943168826
151 1181 44.3097834593031
152 541 94.6949130381643
153 1856 22.981762683791082
153 1962 45.66167103185018
153 961 35.608922735726246
153 320 3.6403488894909146
154 872 6.272431829936372
154 229 50.69870435463031
154 1972 24.34202931247983
154 288 99.45800977259083
154 907 38.11635466835899
155 406 3.790567007286856
155 1212 93.15176457024536
156 1652 84.07845247354896
158 900 65.34610774512399
158 1461 79.34668311073543
159 940 14.622359184861295
160 1098 29.40106033401355
161 172 83.14639673212943
161 641 69.91112686902238
161 358 14.740476490000434
161 1248 70.84808135361897
161 775 45.41154592424241
161 1939 1.5198686322561752
162 255 8.843351355801406
163 220 26.336468915267425
163 1751 83.66134682895571
163 592 55.33162029893971
164 995 72.99624374716825
164 896 53.2493790827857
164 1330 12.007499172099603
164 1744 29.522056225883823
164 1743 30.81396826403578
164 1224 5.727195215266276
165 1581 42.56272883159086
165 283 79.59601175530437
165 1106 46.25424804700842
166 1352 11.974931633711485
166 321 90.60954168053786
167 1023 60.07716523907575
167 1671 2.6270998683835485
167 963 52.0221972907312
167 1268 24.95187530767834
167 1709 15.214107184379746
168 1992 43.49465041723004
169 1888 61.86614869481912
170 775 24.815859641847812
171 1316 42.24019192564544
173 1349 66.7727588724589
173 581 9.475781543738915
174 1835 97.49079460426995
174 508 7.700252967975758
174 622 53.07988508689488
175 645 51.22544196139887
175 391 98.84481707405028
175 494 55.86104328940135
175 1498 39.654919523446345
176 1130 47.54337273769011
177 1758 63.931408355394375
177 571 98.12290283260447
177 1914 26.11137584585206
178 600 2.607980879785815
178 1209 79.06348161167202
179 1698 35.13544682317574
180 1908 73.56116112361353
180 644 63.197439285089985
180 931 77.37863603687605
181 1287 73.78351149641881
182 1266 33.9193422288265
183 1813 5.38923314122561
184 269 55.05536077556146
184 749 81.53737769005272
184 1619 18.333823578119134
185 1529 78.13511675434987
185 888 46.99766707495674
186 415 69.84353594761033
186 1901 63.54184892807544
186 962 81.33827050291303
186 1547 7.246953166190238
187 931 77.84284957063875
187 1357 46.31027816728797
187 468 30.050814546328095
188 1764 5.336821290253186
189 1299 20.747513537803645
189 778 5.148688251107817
190 1924 93.40372701508933
190 460 52.02297533619538
190 835 98.92314752731622
191 903 54.7600390677644
191 686 26.078062755059122
191 1676 75.57580096306762
191 1984 19.91923964265718
192 740 36.34044342750098
193 807 78.30331513086408
193 198 86.7140294307277
193 389 33.86054395175311
194 1182 13.323025816193956
195 393 37.43389825715263
196 1442 89.05916518421586
198 1286 74.5874628464425
198 1850 89.56911200055028
198 735 39.277832057808524
198 1349 97.39863484721559
199 237 50.12411942716524
199 480 50.2548158568691
200 886 92.5067361960694
201 837 52.40830949995926
201 888 80.31366065277561
201 1557 72.98105110992094
201 1323 8.81377359949132
202 1341 60.6428765841925
202 1707 82.41178667444878
203 1515 55.00196533711906
203 742 32.799931393244805
203 1404 8.92682219642453
204 1066 66.43100292435552
204 901 31.343089752984493
204 1077 60.65954114532938
204 1153 43.1854912154215
205 1808 69.28671603610314
205 1956 35.80315139342722
205 1787 5.193161122162823
205 908 87.13368033058282
205 1705 35.90337172053975
205 1790 99.81690917953186
206 227 28.1809806474109
206 778 98.02270064023364
206 1774 94.84253348170554
208 497 8.429075333827768
208 1427 64.11374125044654
209 1354 36.96780193444725
209 1508 80.30850158065482
209 689 68.2616501736543
210 1226 95.32615023168117
210 1005 15.135167367892423
210 1787 61.14971742876468
210 1365 78.34988500460318
211 466 4.44509761405566
212 1113 7.656102943148772
212 1922 78.07302197717968
212 1358 37.266518837607705
213 1583 38.902585767188995
214 1372 57.157219530687826
214 1756 60.904388056623766
215 592 68.2271436344261
216 1003 94.93352939729009
216 887 37.82932446859769
217 539 76.54536270805937
217 1782 57.81825605505567
218 1508 53.41652827209268
218 989 40.40537054929255
218 485 65.30651293389712
218 1813 25.711553656246398
219 1123 12.231412645916786
219 1520 73.83181108846334
221 1291 50.40535206539021
221 637 39.311750623887086
221 760 56.60559836520506
221 1382 26.915890982162086
221 1436 26.768687342850434
221 1185 45.181038128156004
222 1221 99.64014610332131
223 853 29.27211089211764
223 509 91.73141204464626
224 421 49.628819330168184
224 313 13.141104768493117
225 476 85.42980274804795
226 1774 45.75222583929434
228 496 89.9692240478368
228 601 45.06600808150305
228 1309 9.691283369368374
228 696 68.51099676481307
229 603 84.70660067849525
229 1174 32.639189437897045
229 1902 35.39510417911789
230 569 7.428968753291044
231 928 54.67496476133067
232 1926 89.241836553035
232 945 85.28484302455946
232 1869 71.46910129671406
233 978 92.8051212155946
233 1683 64.1323022338376
234 464 79.57594200065527
234 1371 51.366818772255776
234 1708 13.014883052767232
234 1592 20.897056746590888
234 1396 14.748810331798207
235 870 79.24693301996717
235 1994 3.6021186540183034
235 959 55.84812228869991
235 1647 37.522205384620854
236 1120 80.56251090257005
236 1047 55.61304645871632
236 788 61.58288789943157
236 1822 9.535332683541338
236 1796 31.619781035317754
237 662 99.9599093495043
237 1008 72.16809632918122
238 836 53.04386982819971
238 286 77.1472904870951
239 1301 82.51060055133067
240 1927 8.301320578212664
240 1326 97.26559341986282
241 1708 64.59152034925175
242 508 45.54747507063661
242 1142 68.33079007430851
243 747 35.10696328956727
244 646 87.91805501339076
244 1521 78.24602995499254
245 826 64.33959900729964
245 1928 19.014350518661598
246 333 96.66019677947658
247 731 43.82921036171551
247 1649 91.16051482374185
247 472 6.48587215175993
247 1477 13.291950943262206
247 507 16.14853121420986
247 1630 17.30105090912229
248 1532 32.943414364301006
248 992 71.22388112039535
248 934 35.25628515184543
249 758 94.14950143822193
250 1982 89.59766576529132
250 1943 84.74743690943069
251 727 25.809925589217908
252 429 63.87065204738685
253 1098 55.53330013283083
253 931 13.391859217563367
254 899 30.97963600477873
254 959 53.81432494706967
255 1406 50.754741329385006
255 1474 17.694954273022976
255 1098 94.21909179899099
255 1736 16.265232421076753
256 1372 66.21455446499168
257 663 72.34264407529002
257 498 60.908751878323685
257 1611 84.4104704072255
257 262 56.79818540869828
258 488 82.69839046533657
258 1819 3.808975301988884
258 1028 5.5007185258428555
258 969 64.50391964861166
258 1306 58.10035191626053
259 1093 65.46186777107438
259 561 76.9289410907148
260 1429 42.242091582661374
260 392 64.26012802867817
261 1201 50.30576795347549
261 1640 63.08923701951035
261 1274 29.67749402335897
261 880 95.7083668254861
262 666 48.811536999366524
262 1351 80.66412726735757
263 546 68.81409327837198
264 1437 30.44595327154449
265 1918 8.224329525029233
266 1399 6.93139026053223
267 1166 44.520944492120684
267 1304 48.94086188062856
267 1579 21.19827834277647
268 1050 61.059366019243
268 1124 31.94566742544637
268 1899 72.11792562613131
268 810 73.68577572565013
269 1499 86.21695920967821
270 777 97.56203866357313
270 411 13.945849003686261
270 1610 37.683479606978835
270 1481 56.60347035908855
271 1073 32.59247275391257
271 1911 47.18078413702301
271 543 27.479695770964057
272 1327 25.543969370029014
273 934 10.584353603496574
273 1641 29.73098849202025
275 1116 39.030833516658994
275 541 61.9223669722329
276 1247 25.578757757737474
277 1652 86.66544267035106
277 1100 16.810266550885935
277 795 33.416146259318296
277 877 58.191016751466044
278 1300 31.95877716536503
279 1800 76.54901613872423
279 1769 50.32828866393097
280 1716 51.95775908391696
280 1286 50.37721113136776
281 350 31.5455077233885
282 1093 3.294453523418752
283 412 94.57804760285448
283 308 51.03900183935338
283 449 96.70197642469506
284 1493 22.29929783009787
285 382 35.93661379677918
285 505 6.003500058161297
285 457 49.994526148992456
285 542 88.3516081604519
287 857 65.77174365207209
287 864 47.588098483451375
288 1544 54.132384179603775
289 501 84.87006417395332
290 334 43.66184916540651
291 1692 88.36311736094069
292 381 73.0232982725798
292 542 76.62181965203696
292 939 37.22779789923874
293 1194 40.6575804804609
293 475 57.457882744221905
294 946 20.270874886884187
295 1479 55.769069735494014
295 839 8.27964322454134
296 1128 50.92129738319726
296 785 76.67600735601671
297 777 28.69234708477422
298 882 98.91997936145154
298 500 68.35946537176721
299 552 12.762290952635365
300 1895 97.53319872596462
301 1487 39.9964675601321
301 407 79.69482560971363
302 1501 34.569444695303964
302 1343 93.95590812858217
302 1615 75.74155205698659
303 1199 20.706730273692546
303 880 51.40312910629303
303 1131 50.50771245349374
304 1772 5.485031894240398
304 914 14.56660098318452
305 1188 33.97102982992395
305 310 47.90067088912381
305 1881 46.241867369004524
305 1860 61.01979171797661
305 1117 52.035067482578135
305 1661 33.4686189160161
305 1326 61.693743985403124
306 1310 17.087702541817
307 1409 99.07095801855287
308 473 74.19261669678681
309 1140 30.62419991030351
311 1335 34.30097176301616
311 1014 83.0006492097802
312 1584 53.70164315771176
312 1272 71.16524083710836
312 488 30.67926590900396
312 1421 81.7591344911386
313 564 37.46742317671119
313 1448 67.70683285482863
313 891 98.00990508673702
313 407 58.786512043029845
314 449 79.87872657908457
315 1704 72.80709704263367
315 1020 69.11632146907439
316 1238 3.638068341419485
316 1961 47.98443119442099
316 1488 96.73999892103303
316 1813 78.50749515171071
316 1534 77.84004049203514
316 1986 58.185805190554106
317 956 72.41861111733436
317 388 58.768804427716354
318 1132 17.880694112919276
318 557 63.273498873391
318 440 62.353844744607855
318 1133 84.27554537086816
319 1402 15.629795121732851
320 1857 68.3919626100172
321 491 4.125480820867837
322 987 94.87231190764584
323 505 11.879656612035987
323 583 2.8747993831546443
323 1119 32.055555861139666
323 929 15.991694553815199
323 897 69.35952583093402
324 1453 41.6273635229478
324 636 77.72225787890201
325 1563 92.13157403982386
325 1523 87.40895318231972
325 1837 73.84788985559946
326 1287 7.1658473154287625
326 1612 14.67016609273581
326 1650 21.526828792153225
327 426 33.179903908179426
327 1622 66.56045317172055
327 1285 53.0222379886035
328 664 32.061507275043894
329 1756 18.145059961875447
329 675 91.30029193147703
330 574 34.890374750502765
330 1169 36.07441187583647
330 1518 77.42698863072533
330 1104 72.37153157140197
331 1726 64.68760089994669
332 1247 69.63801769295226
332 1999 61.3975814277964
333 1573 20.034152744534627
333 758 25.405394417208676
334 1589 56.250578429933014
334 501 23.261836761288855
335 1677 97.31815213146633
335 1975 30.46384196241388
336 1700 29.611409602948967
336 526 21.520501690609386
337 776 70.79383771427948
338 681 32.387033756826355
338 1638 35.53151424592935
338 1721 93.43633710230925
338 542 79.74513024423102
339 1623 28.072296138786882
340 915 13.065536467538791
340 1971 67.98560233247203
340 1421 38.58972435206387
340 832 98.03589319481486
342 469 82.01936855292567
343 1702 95.50627747575467
343 1240 80.65696756170047
344 1683 29.75481254730062
346 646 29.47540381979985
347 1470 71.69998746234114
347 1349 35.289987895466034
348 368 44.7952350746187
348 358 26.387953571874725
349 821 48.42884703863184
350 548 21.004732712859052
350 1300 54.319214447156625
352 1870 93.36936944454746
353 1931 69.92095876403545
354 1161 14.59002252529137
355 491 61.95202640703474
355 1130 59.0962193585107
356 1442 25.00334580261839
356 1260 67.31356252441729
356 1848 53.57310748354712
357 1794 64.15651276745513
358 1548 6.196619577106816
358 963 41.9168352387776
359 850 72.01844756877412
359 411 10.953945572957442
360 1513 77.30583975172964
360 891 1.512963194305873
360 1502 55.48490401218205
360 448 92.9808683368278
361 1470 41.283837703141465
362 1253 93.568177761019
362 1805 87.96156252990859
363 644 48.26740352364875
364 435 20.746141492092566
365 535 96.42748985020263
365 534 32.795602509797504
365 1189 64.94389387113671
365 1560 90.88575891482662
366 1342 9.856611330640115
367 1256 57.839201964361955
367 739 53.98007541246686
367 619 72.5886501459999
367 1508 93.73026859531198
368 1623 91.40974284131539
369 1022 18.331412772615348
370 810 88.34225234331849
371 569 18.403082046347393
371 1198 92.04384637324246
372 1656 99.72000850576248
372 665 40.30246285355167
372 998 50.04300583485402
373 1811 93.72426573299852
374 1872 96.2510066282509
375 859 92.67793009174785
375 570 87.79757362387441
376 1316 1.9174496795298788
377 697 57.22822499778504
377 1977 11.62276838658026
378 939 98.31639494872964
379 1801 29.17160358265458
379 392 98.9208475387836
380 997 54.786747872140516
383 1525 49.89732961384009
384 1061 93.91748967234636
385 1149 85.25491411922167
386 1780 47.33405613162272
386 1428 20.088328429107168
387 1103 12.152029340995293
388 565 17.086931991434124
388 1982 46.43253263220375
389 805 26.46922314272239
389 854 19.433707843678704
389 1375 73.92517165373344
389 1303 79.28599877810032
389 1271 57.210341019672995
389 392 75.97099227549856
389 1180 18.373996470008006
390 785 85.75850392307231
390 1887 89.80723341661354
391 1777 82.87199270235465
392 509 52.0127852370198
392 443 9.587039214987234
393 538 67.25632948758546
393 1182 19.293338903686656
394 1477 14.920575687795546
394 646 33.036565338423195
395 1319 25.556661283047355
395 816 26.81774242947894
395 1351 24.316604027351858
396 1529 75.62190852636424
397 1811 95.44944744283634
397 606 30.892638129469855
398 1495 72.56537031169874
398 1471 2.132137685222631
398 1178 65.71465333994968
399 1197 69.58409045185115
400 877 7.150308848253076
401 1838 12.704259932593285
402 1195 31.373827858358357
403 1398 41.136244683871325
403 745 50.74952665260057
403 1373 89.61671861180916
404 817 70.65214647512335
405 1877 31.786816890081372
405 870 12.624158838632855
405 1912 91.6969081992129
406 1464 30.208722415468433
407 563 61.84791936624105
407 1485 22.69373149259905
407 1983 14.223309437483609
407 787 16.16537090422874
407 1466 75.0257488779348
408 455 60.968155860817866
408 506 42.168715927691245
408 1718 55.374216373018115
408 1672 47.61197961105184
409 741 54.214251081626884
410 449 66.74534949462672
411 710 22.622750643075268
411 1412 25.499077501549195
413 1043 75.71921542276166
414 1010 87.4403707902856
416 702 9.105160340854212
416 546 45.22804977215185
416 1407 70.67284639043139
417 1547 8.73216949259658
418 1041 56.852703505074004
418 1371 7.114046708111696
420 1156 55.21727562238222
422 1285 51.04321855316699
423 1705 57.6974657485586
424 1135 15.835385756859015
424 1200 33.48364613647844
425 1854 52.51381257729392
425 1281 12.507762196281758
427 1393 21.334747068396794
428 864 58.731620165660736
429 1221 10.003222800717097
429 727 51.52716004925062
430 732 81.06051623454648
430 587 45.889797717798416
430 880 51.81153647696251
431 1136 46.22304909547573
431 1469 6.715941312319952
431 1238 46.775452268153444
432 1281 80.88461990288486
432 541 72.60472790267522
432 1870 40.19892228537249
433 700 81.82886936737992
433 670 74.83464380034975
433 931 58.252815240844505
433 1975 5.48369047005505
434 998 35.10835778965132
434 1357 7.312231299096237
434 1314 99.41824238721509
435 644 93.5236970896097
436 1071 7.832895469871065
436 1036 93.44378069590813
437 920 4.1417522312848245
437 1383 41.47782664610558
437 1046 77.12823419576479
437 1770 76.81694060944746
438 774 97.854995207486
438 1446 64.94220099161919
438 1104 42.61583194935046
439 781 99.29280325950701
440 1220 38.86548226628583
441 958 87.09240824576014
442 1200 90.76996384093269
442 1665 38.18890784639677
443 1512 68.5903050560526
444 758 66.51746127442135
444 908 54.39072612796716
445 607 65.6998757434515
445 1983 35.42921882677587
446 1695 18.668889271407057
446 952 54.188590153402124
447 1083 53.35541141485692
447 476 73.05795594970668
448 1511 23.04633138066038
448 721 1.3438561995458702
448 1303 3.2507974048746924
449 1628 30.537935881595203
449 558 67.67648591988014
449 1140 54.900088563477055
450 514 53.66142724117912
451 750 82.51268330020265
451 1627 25.503691811873782
451 999 35.26981376377505
451 919 28.289323051717602
452 1988 93.80362575237162
453 602 72.77737064498292
453 1249 12.171619237881256
453 1326 81.13834017038025
454 1133 42.50481925068346
455 1299 76.83929328387643
455 963 88.49190556269208
456 466 2.5489338399914074
457 1762 21.402080563171204
458 1930 10.988774596158196
459 716 4.3240512996737985
459 1331 60.18070477642372
460 507 70.62534041962795
460 635 5.818955803131161
460 1879 74.3135667695063
460 1723 40.824269730279724
460 1651 24.199588570268602
460 1115 22.509651807577786
462 1266 86.50929402433559
462 1979 6.587959467421633
462 1761 50.88568904515252
463 1476 29.637081684037966
465 606 81.76283941956837
465 588 73.42023082848581
465 1529 32.57146594055001
465 739 60.19384975344898
466 1318 67.58065824225446
466 1583 32.745846423905334
466 1784 30.874679079276124
467 1396 15.182782982169538
468 762 66.36102995726358
468 1892 22.883231304157224
468 1969 30.74959442198454
469 1812 7.034806073569454
469 1683 94.90350524764541
470 1099 88.09167520542441
471 744 91.24618889643389
471 1636 62.97332062718467
471 1243 43.292857647159806
471 1205 50.06645796180908
472 514 97.2567332990249
473 784 94.21705457335926
474 590 67.46290994982651
475 944 78.79465500207128
476 1537 32.55471127431491
476 1751 42.21613870872302
477 1781 15.772543174691204
477 672 38.26955866220607
478 1407 75.6871936265744
478 784 47.878363220809774
478 1382 85.084752293744
478 965 30.77290546071963
479 546 71.05010295130924
480 585 80.77183983355381
480 1968 91.55937620777465
480 1817 56.67620900910401
480 1292 96.81083266611604
481 1009 56.171389061728036
481 1481 14.275182354848726
481 1377 25.04299309286899
481 826 21.130336572945385
481 1538 65.02387930324653
482 1574 92.30038434661101
483 1946 84.86620520604157
483 1751 10.153935656159502
484 912 72.73388651841299
484 1245 19.85768022464309
484 1770 27.57769719764314
484 1738 67.69352014282327
485 781 60.68928245391851
486 1312 87.48842539046443
487 770 19.628166099342778
487 570 76.40794533618379
488 643 72.70621874536276
488 543 56.3261971509802
489 1575 48.46002644062057
489 1428 87.07791130092926
489 1171 33.96346677106331
489 1283 95.74495629214064
490 628 2.518036916620791
490 1920 93.77881655702252
490 1453 96.24567805533144
490 629 12.614303744890115
490 1636 99.95762869476336
492 1552 48.41316675789422
492 1414 25.01672500272841
493 1399 60.83575187379934
493 1019 21.246801154811475
494 1474 91.59751949976209
495 696 55.65584996223364
497 800 77.77587432431325
497 1284 38.68551269291933
497 968 53.83136261421004
498 1416 36.566695999606
498 683 26.894601111149907
498 627 51.76883746235358
499 818 50.230452016997354
499 923 10.762214924982525
499 967 98.1505272278111
499 935 47.47955178023329
500 1079 84.13338697480481
500 1087 91.51871939085142
500 1800 37.699787221694585
501 1489 41.979086887283835
501 973 56.68994801897108
501 563 22.9061357333063
502 1757 15.446348597152308
502 1701 26.816636881067186
503 890 93.54106677933899
504 1016 58.335149677702645
504 1185 42.34022928196219
505 1525 16.088729608230185
506 1539 33.65666331180813
506 1685 38.60413769937426
506 1720 83.50290881341152
506 1944 50.43084675456293
507 733 65.80618864598117
508 1279 68.79981462224471
508 546 26.475349005853396
510 1522 82.33760202954328
510 1878 96.68431845778402
510 1141 64.52775098547201
511 864 49.56896267549746
511 1225 17.655130949202558
511 1365 79.70257592100978
511 947 17.75730537515799
511 1396 72.31103954544727
512 1236 49.343315804159104
512 1978 91.77303957974232
512 935 54.67154867978416
513 1271 64.5391368550543
513 1388 6.814473106492284
514 1150 4.3485519593043644
514 627 84.82304093508951
514 1988 94.57362300888892
514 1000 67.15333879592212
515 929 76.6695455136299
516 863 41.82683001914368
516 644 84.4119269657095
516 662 23.911905815667104
517 1827 71.00978680664252
517 1927 1.905004707375515
519 1478 51.06755904961344
520 1306 37.94686857599438
520 941 62.165688351803496
521 1378 67.00871822578063
522 941 62.03541674734945
522 1365 48.83721120856069
523 1793 49.29758401630405
524 1698 1.6546233422237306
524 1570 55.61271253021443
524 1432 2.173245844661351
525 1473 53.41234703732341
526 1871 28.199332982585368
527 539 97.77045547501866
528 1990 2.6971171626402928
529 1633 81.50256487047707
529 697 67.72926225980183
530 921 80.81060219579547
530 1539 91.06756323387785
531 1025 11.594626440754798
532 776 10.535075134889437
533 1560 15.740851088284803
534 1037 20.001273642169707
534 1347 53.119142554621405
534 1914 81.70622468061498
534 1987 27.465148930986945
536 1168 40.292745827309076
536 1376 37.93210676290453
536 1197 41.196713577514714
536 1304 56.935216062348935
537 1039 99.03307013233301
538 1869 23.359868010114795
538 1529 68.72012092156817
539 1473 84.93884310112203
540 1147 65.71983623635616
540 1035 85.96369674309753
541 1868 76.19899916750764
541 1098 10.256550037283832
541 1236 38.547138201741774
541 1892 55.717442513439835
542 684 6.5553789737676045
542 1963 1.935567092758931
542 693 17.966973946883716
543 799 50.48598091816641
543 1048 43.95705554519457
543 1072 78.653254768221
543 1353 57.01980616715246
543 1971 85.93807102300327
544 1860 10.440821711602277
544 1692 53.28775937852315
545 1280 5.212624004087465
546 1282 21.93028853257017
546 1124 86.94357216757895
546 1372 88.86787639641486
546 1537 48.07452847688206
547 1039 5.609635103432585
547 1680 8.360457932639456
548 611 92.6328961980114
549 1213 90.03185343563585
549 660 56.78747654075037
550 1723 4.257276235193718
551 1682 92.94786976421126
551 1180 32.133984629438444
552 1308 96.18544979772457
552 1895 59.11657430436435
553 1332 75.47319251483964
553 1261 71.55842859498661
554 1797 40.43130601911708
554 627 8.616811652693242
555 1039 17.08257482075588
556 1579 24.80674723612439
556 687 83.63040544908344
557 1889 39.52650412936852
557 1024 89.75605093326926
557 577 33.841254122561025
557 1930 75.80531718756833
558 1870 14.855108829284532
558 1700 98.8593178334962
559 1930 72.69219343933717
559 850 50.57849231213479
560 1247 97.45800941616363
562 1577 6.315946762791966
562 810 44.27173703150642
562 900 84.02879110370432
565 1775 34.71868190103549
565 815 77.13155968317879
565 1802 95.5309812945519
566 1160 40.27360188158699
566 1802 77.58193669700093
566 1483 3.932940235571346
566 991 28.059375834250936
567 1305 99.26600196662893
567 1568 49.56974215496853
568 765 36.225308572878944
569 1663 94.17314165210182
569 1876 43.752946677714924
569 1206 68.28979095072773
569 696 66.40651884397268
569 778 9.483717646036837
569 1540 62.242973135728896
570 1321 80.00746220647191
570 1770 71.59774473516019
571 1328 9.121762957641707
571 1805 16.267875422686323
571 1583 71.45603832308305
572 1768 63.75618731434204
572 1948 74.22587360868286
572 1802 32.35114463947208
573 1561 11.548540853414853
575 1104 1.5143270146329817
576 1952 31.518478058493507
577 1134 36.63183223734276
577 1238 27.70687788069926
578 1594 14.118193444925739
579 1807 19.551786569259846
579 1447 45.43552402512369
579 1486 55.91926006027791
579 1222 41.39637333323061
580 1889 3.599928497316423
581 1055 36.03751444718063
582 1175 10.21336178552754
582 961 60.20633598163301
583 1081 33.118602726668854
583 756 39.13855382220238
584 939 29.89288777833578
584 866 39.39215637846098
585 1461 9.385252175923728
586 1849 90.21246844078688
586 1588 90.61554985702253
587 1452 97.83913333737483
588 1886 57.624082644204414
589 1899 17.788709415840223
589 1845 38.69247032538557
589 1387 14.74516583698226
589 897 30.811995272131806
590 1904 49.819270278867684
590 1356 7.263447877418486
591 1885 44.032950657011746
591 899 42.68913163747991
592 1086 48.93890007945892
593 1881 8.615214778120558
595 663 25.918274041101384
596 1861 25.41241676635329
597 1467 62.878335089120576
597 1042 59.786833405868784
598 1133 20.359274263145785
598 1428 11.590264390509299
599 1000 31.16114157937444
600 734 94.93352277706195
600 1130 33.88950431585107
601 890 62.399026599594244
602 1785 80.60356973378086
604 1432 33.624629911646764
604 1991 34.13888615094874
604 1651 81.7320715302973
604 1528 86.09133824298269
604 1862 97.44831227395608
605 1422 14.476322686248215
605 1177 32.74585038213368
605 1432 94.7806132795955
605 1135 20.8842973815051
607 958 32.104144838348695
608 906 96.49288768638459
608 1761 96.90379695292286
609 1902 29.85336700642527
610 743 69.80081899953889
611 1607 49.60972397631813
611 1486 58.0120488808711
611 1715 25.000005381276736
611 1280 38.22947493009056
611 720 81.8329570278584
612 1203 39.90057784420653
612 1308 12.274894537587814
613 1107 56.82120035424981
613 1421 59.63047639078816
613 1850 55.01727945963139
613 1908 68.48955067987868
614 1054 55.459816542749806
614 936 95.3474565371433
615 1412 46.7006000604817
615 1038 71.12833807435028
616 1445 44.40704047658195
616 831 29.841789590544238
617 1724 69.59069265310993
617 1741 82.07759123244139
617 1582 79.77002676359949
618 1731 41.50501743424525
618 1435 50.43101831360707
618 1329 63.700267925712694
619 1088 24.960095599409087
619 1440 66.20763388469949
620 1799 71.8084027386432
621 1703 79.11859955878623
622 1834 8.322548422646557
622 1410 99.07936082925983
622 1433 48.444235277489994
623 1008 40.67970463560799
624 1652 51.15465165992139
625 1311 92.11882626335128
625 878 69.47917772391266
625 1164 54.82087513536029
625 716 79.28137078787665
626 629 36.59341980860973
627 1789 89.65465002072901
629 1882 54.15369261643419
629 1218 64.17985633407326
631 746 9.413211471047788
632 1615 77.12645074408401
633 1038 66.1025628134958
633 1365 36.14587312540047
634 1798 65.05298495035703
635 1482 5.38537265925711
635 1377 98.3772123892463
636 1128 68.06971769055438
637 1710 40.56215687628315
637 1975 75.51559499523097
638 715 96.605960993669
638 1714 43.615098845128045
638 1179 2.0442295056734165
638 1460 26.61509866996189
639 1161 51.55694781197942
640 1939 52.36097891808561
642 974 58.47131125687641
642 1363 57.94830442877219
642 1403 45.13207659898577
642 1358 39.72228269907278
642 1531 77.46188101378077
642 1610 59.27040569747457
643 1045 50.54611238035372
643 1466 35.15177137235231
646 821 3.4317026495511627
647 1032 11.350386442600108
647 936 42.18156742404555
647 1902 96.21105870231706
647 1070 12.490864457938493
648 1954 94.12693965647311
648 1283 15.025842506323281
649 1219 31.877144045856603
649 1945 46.07793088736183
650 1498 21.479865294623135
651 1525 48.809673879159455
652 995 48.140090589707185
653 1671 44.37842788902968
654 687 69.97956328684295
654 1828 32.572037947552346
656 1557 30.72614423501209
657 682 81.20840775495111
657 1372 12.393441403179807
658 1090 85.06882079664406
659 1456 65.14902181049365
659 1910 68.03679395619751
659 1780 17.27105519221962
659 1340 98.40614658823951
660 1504 25.147381708647277
660 1236 18.27087004958926
660 1744 16.85343541032057
661 1568 56.42504629649645
663 1226 95.88779955166102
664 1630 23.953699193729623
664 1402 41.09969619174503
665 1742 19.260725739987972
667 973 64.40740878934773
668 1417 43.78131079049897
668 824 3.890035159896667
668 836 61.79658679982006
669 1659 20.535119142442387
669 1992 59.62811267767646
669 1530 39.494742255215
669 931 70.76882598001372
670 1658 21.37266345736487
671 1149 75.48022404068867
671 1874 81.06424907449481
672 816 7.193811395447273
672 1744 11.073452823987097
672 1585 87.32595367097863
672 1745 19.509023727577247
673 1939 33.27250624828303
674 1125 46.29749179841236
675 843 26.97298614978373
676 765 86.40101819827342
676 1402 53.24378694315048
676 1276 64.27174998094891
676 1760 60.10011209901636
677 834 61.519533692761186
677 1127 59.11346674195658
677 720 35.444539106238686
678 1339 84.70626246428637
678 1923 62.11890525430607
678 1098 81.56008717183245
679 1208 70.89284773365202
679 1781 30.447038635235838
680 1259 61.83396705557903
680 706 9.390444893679753
680 1130 14.260829195420355
680 1893 12.668303613504015
682 1902 31.232620251014392
683 1998 19.121407314816867
685 1080 69.65021762992811
686 1475 51.57166207922893
688 796 42.4056715149146
688 776 14.648862554921191
688 1369 38.98728632093101
689 1786 19.389616229983798
690 1242 63.91466256380489
691 1660 69.64985972640618
691 1558 64.8807494129151
692 737 99.99005570374611
693 1782 55.936345007417245
693 1647 49.47456059302868
694 845 14.889356974681908
694 1639 32.143421451423585
694 1491 45.64909610391846
695 866 6.307515000452845
696 1939 36.544878044965515
696 1913 1.9487605167648414
697 1825 14.516936751587094
697 902 81.70637812473232
698 1735 96.41907985207904
698 1326 51.038363953336365
699 1975 50.00201493877396
701 1902 68.78497038543867
702 1139 42.14741309213708
702 1469 84.14928840802105
703 1104 49.381251682028875
704 1795 9.184391952860222
704 871 4.055209858657475
704 1735 76.344605235997
705 1546 29.916901046311956
706 991 28.210438909079862
707 889 54.22325320227712
707 1935 17.6526887662208
707 1203 46.27481734007146
707 1492 74.50930694104892
708 1494 76.82603593942538
709 1412 55.42289226926708
711 1091 12.207888533910292
712 962 12.30645848453791
712 836 77.73618975853556
713 1460 82.5049979917591
714 1075 37.319315438436675
714 1804 82.43848185182988
714 1911 5.119441704753099
716 942 72.17904387187428
716 1674 55.08897419747449
717 817 98.98779705979163
718 1375 11.139227448872331
719 1333 83.17700093771143
719 1313 75.38320397962354
720 1606 30.473184575186473
720 1439 99.93195425861187
721 1642 45.52350194021096
722 1330 35.50912070540907
723 764 81.85612992652742
724 1228 44.46792043494996
724 1597 99.4018107475431
725 817 77.78753333819658
725 867 24.45765948130144
725 882 81.25956896710161
726 1767 59.20446580070425
726 1633 35.712453270284975
727 897 71.36464198988615
728 1842 63.64429246178671
729 1059 17.43218015133566
730 924 14.784261626750833
732 1217 21.45534596249056
734 1320 21.487329354424833
734 767 6.876425530294769
735 1171 35.73073241633026
735 1177 28.8274168602296
738 1204 54.338086058716165
739 1812 33.04170796961348
740 1061 70.70132241376366
740 1275 29.643991103029418
740 1764 27.466963561529933
741 1740 85.94366764967951
741 1301 98.56334192391762
741 817 68.2506322764077
742 1751 10.427291217619933
743 1134 96.3144275043854
743 1799 78.78341378083843
745 883 91.95810247115271
746 1841 99.25613633882276
747 1186 86.83771145294406
747 1499 13.561928692767214
747 1708 86.74180070412453
748 1205 25.718046951875838
749 1989 71.42809003507773
749 1141 83.01969846716463
749 1087 76.38588516050584
752 1404 67.94722081629466
752 1115 49.45641386564814
753 1449 58.16512740111199
754 1995 27.602998056661107
754 1377 42.00828384713873
754 931 45.74718053248607
755 1570 63.729148571679474
755 1191 88.13238304942503
755 969 10.216383620219123
756 1080 52.0457337366822
756 1195 28.544343097326585
756 1192 93.69727529476894
757 1292 37.53804623346678
758 1733 95.07515380767288
758 1413 33.401638735932096
758 1354 1.2448354290564896
759 929 77.63939375333163
759 1373 73.53967862740922
760 1925 73.36226181121825
764 1330 46.38647641129205
765 1561 66.75023826235241
767 1974 36.46405020475773
767 882 7.269737919957292
768 1719 53.90802197436892
768 812 22.56516356650538
768 1962 43.534666967838376
769 1052 21.973295174366083
771 1370 27.585146993127832
772 1112 83.00601808783199
772 932 34.43776036190795
773 994 58.215430385834196
775 1104 57.04806898079689
776 1434 49.048452496842
776 1662 35.0302224347093
776 1368 68.57264068322739
776 1925 5.792516854020572
776 1801 10.85789944970438
777 946 78.60508642221626
778 1092 46.49859450468312
778 1954 13.299480743809447
779 1604 85.90750839293277
779 1070 44.68730893876623
779 922 1.066917219698317
779 976 95.84514516109326
780 1661 21.02950243334257
780 1197 69.17059630923953
780 1684 14.05939565101734
780 790 65.34972273472462
781 1171 16.738768827676118
781 1220 93.3398307098665
782 1481 28.127926351432933
783 1293 65.80420847746062
783 1783 25.788538576361777
783 1269 37.812532997029805
783 1786 90.47622661473014
784 1945 17.386982836775033
786 1498 40.23781512629109
786 1012 31.24541523957884
787 1747 70.24469578093277
788 1842 24.18024030695753
789 1915 65.89303760996997
790 1952 70.66610593664038
790 1359 1.1075440654806452
791 1807 48.2038641178305
792 1169 14.137279411958675
793 1180 23.3928952844812
794 968 68.31828978703633
795 929 1.919407813237556
796 1632 69.86411362151682
797 1595 81.89379366441655
797 1853 98.82733603696293
797 860 42.80907944373093
798 1543 14.085339958163523
798 1747 8.012002234650698
801 1606 38.9239226419015
802 968 73.34557479463314
803 1653 11.14028987450116
804 833 32.021796266649716
806 1644 88.2179105030468
806 1212 14.575800179611017
806 1857 77.57258788141179
808 1619 75.56262229811573
809 1349 14.181476887435004
810 1049 99.30107536939212
810 1348 15.14245361665449
810 1811 53.520319378121414
811 882 1.8389994533479472
812 1928 65.35200110262288
813 1381 44.569842657205335
813 1980 72.52077061006791
814 1418 63.17992379574935
814 1330 15.986038953583817
817 1375 41.75927954160813
818 1043 68.97005081769825
818 1500 86.13628993561285
819 841 9.582115313132864
820 1905 10.94604613528624
820 1666 75.49211900824729
820 1007 59.3678178583898
820 1935 39.01915902496895
821 925 96.36162234477315
821 1848 32.135863150034766
822 956 14.843188692114136
823 1769 28.419798037539692
824 840 9.34062288380068
824 1433 55.78626654668828
824 1930 60.400778855359434
824 1427 61.151716792636805
825 1493 78.11799559881273
826 1010 69.35713142645072
827 1912 84.94131833955593
827 1771 66.18213163842924
828 1634 30.86328402414266
828 1788 52.25716365192651
828 1416 51.442734045356545
828 1483 75.03652045714371
830 1338 30.258663072964602
831 1122 6.402343970510043
832 916 89.89334347534198
832 1232 95.51247962336812
832 1474 49.99388427438342
832 1000 12.161622597777043
832 1791 50.458671585993095
833 1323 59.79904704563459
833 1653 53.30036359268224
834 1589 97.79199783649022
835 1131 98.70137075147571
835 1260 93.45851576574736
835 1923 14.066305192537502
836 1415 86.220586389738
836 1858 57.269658488523135
836 1329 37.175833821961774
839 1783 68.61126285124018
841 1949 76.50986785166299
841 867 95.49084541014776
842 1491 77.26633787323676
843 1265 2.6522507753147644
843 1975 7.685724358003951
843 1159 26.95634243904464
843 1642 4.942859331781786
844 1255 6.986417099232364
846 946 79.13970990031605
847 1764 51.154449823217774
848 1492 63.22849890999703
848 1814 50.603847585200434
848 932 42.127767443164785
849 1749 70.47925322372812
849 1813 9.160353380539942
849 1341 54.119916790931526
850 1530 61.988658511008055
851 954 28.469305837721446
852 1565 31.680781676047552
852 1241 51.619165131237814
855 1098 21.116551901824955
856 918 80.99794801609468
858 1025 54.102627116056375
858 1616 39.68241879386662
858 1106 63.795130487972415
858 1202 83.61812044929052
858 1346 68.42451278621184
858 1102 7.545393278500284
859 1116 70.16891227894364
860 1594 73.26587936572261
860 1738 84.80034339893685
860 1684 6.732688458289912
861 1431 9.535067040757443
861 1361 44.01387527199589
862 947 45.88381238741712
863 1669 61.27440803831691
864 1221 31.619716323479093
865 1790 74.42765739669787
865 1429 74.32515984318364
866 1426 12.824857683880857
866 1242 71.08216010469174
867 1158 70.44846151116273
867 1698 17.21943046260535
868 1970 95.34860397371506
868 1413 52.77753091011242
869 1890 78.51572305283084
870 1510 72.35578629125244
870 1594 17.5293324650457
871 1527 13.566130140631358
873 1033 78.33127401376177
873 1701 27.607684154515322
874 907 88.75506121432494
875 1173 77.37159875847284
875 1148 3.906268866107546
875 1445 80.9036768190796
876 1654 27.92607890711402
877 1316 7.323326923191658
877 1091 71.52000157184905
877 1354 58.088515796704215
877 1197 8.629933097352149
878 1205 46.06457999026332
879 1764 36.652265656653576
880 1609 50.46139057037694
881 1753 57.12172669560653
884 1821 37.40109000782436
884 1504 26.256492022868734
885 1127 11.187586587165091
887 1967 57.817318214013596
889 1221 72.55505895926078
890 1335 23.612037892171852
892 1629 51.37366360615403
892 1752 5.359752819018144
892 1198 86.42992099535851
892 1300 25.210593585313642
892 994 47.70469436819608
892 952 38.91496796237251
893 1364 15.858382155873858
893 1379 93.18484763856137
893 1241 85.89103457704927
893 1451 55.733614061090584
894 1107 91.48081928259178
895 1712 74.3259169825511
896 1011 42.517561131917056
897 1082 32.85839943273406
897 1917 42.20940325163022
897 1803 72.30850422139152
897 1842 27.85453784297185
900 1578 8.710819926724284
901 1730 37.90800850704827
902 980 50.70205331339869
902 1615 90.29215991656886
904 1170 18.75509067695826
904 1459 80.62946392641692
904 1935 98.15997253020801
904 1129 95.45386133858234
904 952 7.823717339501765
905 1460 47.044323613771724
905 1334 28.94838019146934
905 1280 84.63980392187148
905 1556 33.40279125088577
905 1383 55.75604813708269
905 1876 1.7889481821880966
906 1550 20.86644419184263
906 1842 56.8168673415945
906 1825 31.087021419540214
906 1860 62.64903486531835
907 1897 46.92874236746943
908 910 59.577402563496804
909 1543 49.8427069096336
910 1946 77.48871303210191
911 1738 20.346819963409526
913 1122 90.1438864254159
913 1837 76.28773981184796
914 1103 25.267560563281705
917 1779 1.6314103924286023
917 1623 41.59357484703597
918 994 24.066776444114556
918 1098 35.29594607620121
919 985 84.11782668272122
921 972 87.84266281090592
922 1859 95.14803595220089
922 1411 1.144742013022197
923 1763 66.07308116742378
924 1770 85.05159279011326
924 1059 72.99428886505628
928 1897 11.290952915804406
928 1301 53.45163441694124
929 1796 24.5785918575657
929 1760 49.71085880813986
929 1439 6.929612489665773
930 1605 99.6989677406473
931 937 71.45359499531017
931 1907 10.209637197450734
931 1687 92.20616589423854
931 1607 89.83145972121446
932 1910 52.45616263071166
933 1607 70.38384406016928
934 1535 37.876705433333996
935 1958 97.48092422665685
935 1731 9.405339334132464
935 1128 10.46212352840117
935 1864 14.21787117484474
938 1063 82.17632629752738
938 1272 8.408217948657871
940 1960 57.21425210063162
940 1494 44.063304965063544
941 1697 96.45760919854133
941 1448 24.440401739447754
942 1310 26.838102953437392
942 1880 32.185882625566066
943 1496 80.28086537795002
944 1306 70.37183502583267
945 1654 73.79993400945443
945 1939 32.487714207343956
945 1775 27.923631311412986
946 1111 8.394056144445493
947 1604 21.068550001644137
948 1138 78.21376126441743
949 1355 58.88609554460876
950 1996 16.385644580871734
950 1862 17.27312308927705
950 1687 47.139456131229515
951 1060 41.24474263901216
951 1537 54.05653035991234
951 1536 96.49883750277264
951 1167 21.555986335425
951 1367 31.522464103037954
952 1458 27.23578476455611
952 990 12.871442079183964
952 1977 16.603922329486103
952 1845 68.91942945210101
953 1471 82.81228210602532
954 1591 69.99092034047057
954 1111 4.9926510027576745
955 996 83.75655034781065
956 1769 33.451572229594404
957 1639 10.030077475343512
957 1883 25.573660156664253
958 1083 36.21853279492409
959 1972 51.83250786249422
961 1600 68.04115432191811
961 980 26.756512479401167
962 1216 99.07698542038281
963 1298 4.0771272425171965
963 1898 41.03483041827029
963 1062 45.76791577070521
964 1506 75.0597662736622
966 1110 25.735410193933557
967 988 46.742281638747656
968 1950 80.58577859094116
968 1444 14.839510888039115
968 1606 2.183735393771886
969 1046 83.20686085756897
969 1690 98.27415651087854
969 1133 13.940808516853817
969 1625 82.54366810364722
971 1531 37.85173463778377
972 1564 63.399457311778626
973 1251 64.82381655514168
973 1351 58.650056339992254
975 1414 26.623244582306057
975 1322 81.46196206974783
976 981 3.1582180911226603
976 1605 7.382731568644067
976 1196 90.34711211139486
978 1764 44.89970105976289
979 1196 13.750363350703447
980 1824 90.60271906763514
982 1029 83.10626154452437
983 1882 33.8234392339754
984 1746 5.22693558995265
985 1087 46.638497278192126
985 994 17.630931664176586
986 1933 57.814535780865555
986 1981 82.34685475169609
988 1709 40.104870133970024
989 1747 3.918747007028857
990 1586 68.6380787584166
991 1512 18.107913971248127
991 1103 22.25689449103264
992 1067 19.527960257405006
992 1430 28.705600873791656
993 1040 88.45895609046899
994 1631 4.430294929419086
994 1370 62.29847833574368
995 1671 25.3326931452793
996 1743 30.21541113697193
996 1471 41.78722842332034
999 1555 55.51817785519407
999 1786 7.036927824351435
1000 1035 28.697822756458166
1000 1137 14.586365696074415
1001 1218 20.746322859992077
1002 1351 88.58059910627153
1002 1707 53.05559176702519
1002 1260 63.44468449365079
1002 1772 80.41464019434163
1003 1739 79.68977818588515
1005 1457 98.95095796039186
1005 1541 78.40966091769707
1006 1765 36.552098873918936
1007 1829 54.90726279737111
1007 1667 48.983269058610325
1007 1984 91.35502464323834
1010 1043 50.73693229883043
1011 1105 39.44974618236074
1012 1742 18.801771496089053
1013 1823 32.56887916560858
1014 1420 22.682998619236358
1014 1975 89.68071337981706
1015 1166 78.07528985151897
1017 1526 6.800531797533734
1017 1705 99.16160101962652
1018 1217 53.41379690457773
1019 1869 76.91737467657701
1020 1549 99.96096893432326
1020 1910 97.42400631161671
1020 1280 10.9132993931908
1022 1268 66.02957771624719
1022 1342 27.38617310550262
1024 1105 81.81223099926474
1025 1990 91.80868877447361
1026 1346 6.534956929392525
1027 1087 99.64281280213926
1027 1870 22.721747018348562
1028 1977 84.80400395604818
1029 1195 79.94167805056146
1029 1882 36.12565882195083
1030 1157 84.08300297828502
1031 1070 84.6768693342618
1033 1554 18.433936390419014
1034 1914 59.65943140895986
1034 1232 80.81481231057944
1036 1326 70.06502979635842
1039 1613 91.4840204087249
1039 1869 3.792450402988748
1039 1247 70.3555195317904
1040 1227 94.8083147719315
1040 1528 56.79704219153618
1040 1967 56.74778019553782
1042 1444 19.63513282562037
1043 1313 98.81261483005967
1044 1466 88.28100962987827
1047 1370 49.73044566564512
1051 1375 31.59625414297074
1052 1321 49.553205592620444
1053 1914 9.935480308239383
1053 1689 24.02971245024067
1055 1359 22.66208522746615
1056 1539 53.11840290070258
1057 1916 1.0676661419992497
1058 1941 91.871722406144
1060 1425 20.94497395186197
1062 1334 13.918465016299075
1064 1895 71.9768256363908
1065 1153 91.95929794341339
1067 1573 84.58412455732743
1068 1502 33.03529231917888
1068 1977 3.1693767281136567
1070 1839 59.07430833402974
1070 1588 91.80519060063074
1074 1806 77.6622833831693
1074 1222 84.80160787033434
1074 1556 86.20627719256352
1077 1864 96.09531627730003
1078 1800 37.985487228253945
1080 1786 94.25039813333612
1083 1095 40.163960673031575
1083 1339 11.002184847887946
1084 1707 30.87475021882144
1085 1112 14.508715216891515
1086 1440 16.592884715667736
1086 1889 94.92065967060603
1087 1367 79.3924099749873
1087 1793 96.10554793650509
1087 1993 65.26884629883659
1087 1746 18.246064424597535
1087 1144 96.9055467369836
1087 1133 69.66247943096175
1089 1252 92.95567568955711
1090 1652 78.91218746696211
1090 1568 23.1004841840836
1092 1759 59.306065422527254
1093 1274 18.35981136903186
1093 1450 31.375499700497844
1093 1493 69.16134552029676
1094 1339 13.607488107630015
1096 1367 73.1542646376639
1097 1798 94.93002231790749
1097 1947 94.92111782514039
1098 1338 39.76854130048259
1099 1673 99.43402992421544
1099 1812 96.55321008846754
1100 1817 4.205891549781655
1101 1135 60.636478077646146
1102 1386 92.18278342538986
1102 1618 96.78563687597762
1102 1750 22.868629793264198
1102 1586 56.989474365911725
1102 1406 93.73209156187117
1102 1883 14.923693446708269
1103 1149 74.78898948209627
1104 1534 24.561596589790298
1104 1610 98.25558583909533
1104 1794 17.62085425840683
1104 1902 88.6467050861186
1106 1580 9.783875244442509
1106 1937 71.18761550137722
1107 1335 64.27116610258302
1108 1786 88.77869800656435
1109 1908 45.21636347568159
1110 1358 27.25603161572474
1111 1590 25.7045454503926
1111 1915 7.711683226359145
1111 1780 26.409136212728768
1112 1562 11.695425520248298
1112 1707 1.1268345919743035
1114 1798 39.20777269738758
1115 1878 73.5258649553781
1115 1846 96.94108068546284
1116 1827 88.57064776113552
1117 1190 49.815117353910914
1118 1625 38.492544902651645
1118 1638 55.056372800166976
1119 1387 11.041427404075039
1121 1822 48.46943578931889
1122 1561 86.54102132638911
1122 1707 65.44598674823425
1125 1133 69.02888001749433
1125 1939 17.10299466310035
1126 1906 8.297229566576044
1127 1527 84.73048591843147
1127 1753 30.195952698496885
1128 1934 32.55297388770909
1129 1172 95.21455101197795
1129 1445 8.345839774899272
1130 1562 17.84041511196788
1131 1192 38.17033052391964
1131 1922 73.46652344186037
1133 1816 55.157579602610916
1133 1762 89.91429313887738
1134 1204 10.217363852687974
1135 1423 59.80902386115739
1135 1567 61.75082785211049
1135 1673 48.79094186235934
1137 1552 4.0683272011653235
1138 1776 94.30178355209442
1138 1355 17.334722281429496
1140 1407 89.08557377000032
1141 1519 16.55327395574762
1141 1647 11.024523286360228
1142 1565 21.349497195075777
1143 1298 19.808441501250158
1144 1542 70.02247367692836
1144 1219 72.48177235299188
1145 1746 73.2674265613587
1146 1230 27.26121216564768
1146 1810 28.870784271081263
1149 1931 24.517280209777322
1151 1854 5.913908860812477
1152 1833 57.605210977916414
1152 1943 84.14559597971946
1153 1859 16.205403517156686
1154 1732 36.722063201500035
1155 1645 43.33298978712563
1155 1694 30.16039544765527
1155 1941 66.5400023749769
1155 1212 60.42133727336311
1156 1611 20.76780527533369
1157 1195 3.5478335804368886
1159 1728 17.912386977530083
1159 1771 29.889335138564647
1159 1602 9.111673376586243
1161 1931 84.53313836034673
1161 1798 31.526986611655207
1163 1579 40.34926750230417
1164 1271 49.42058439994507
1165 1443 66.44296541985449
1165 1884 10.022550877517244
1165 1886 54.868476892748355
1165 1260 19.303240833662677
1166 1823 88.66377658220435
1167 1249 37.57076482826256
1169 1180 45.13175180865135
1176 1935 27.06630070160554
1178 1494 47.0407376593104
1178 1762 23.397985747984023
1178 1202 27.587637334022013
1179 1603 7.102297596349832
1179 1387 75.47127906941343
1179 1567 67.07937745432227
1180 1374 9.485023872151793
1181 1831 35.03534726805862
1181 1289 54.60345159459619
1182 1808 97.099848180184
1183 1415 59.382917788056744
1184 1851 55.806588709632976
1185 1711 84.2389194765948
1186 1506 82.02211627167198
1187 1454 42.4445754185106
1187 1941 54.01592678591404
1187 1351 86.82250735685066
1187 1242 48.00761442407008
1189 1971 88.28373307234466
1191 1792 48.149965827065394
1191 1359 8.816549927634235
1193 1709 90.37494293257625
1194 1869 71.71626421390563
1195 1838 50.70804556124487
1196 1576 90.14505108568758
1196 1937 80.24458333534788
1202 1715 68.075953672027
1202 1520 62.407038320580995
1205 1843 12.907905600787895
1206 1910 75.96168680828015
1207 1804 18.11501830784295
1207 1875 98.45243103466416
1207 1354 97.24432295543794
1207 1483 81.03761141061695
1207 1280 13.492413865215434
1208 1955 42.91411503224435
1208 1977 98.83971369735465
1209 1630 44.10393130771822
1210 1991 99.72965345109878
1211 1762 63.09539501100738
1212 1414 83.57670374892442
1213 1497 26.530749638789878
1215 1840 91.16964408742783
1216 1411 91.50321975296008
1218 1533 7.634183351812628
1220 1773 39.42181614846032
1220 1836 40.33814444134656
1220 1619 33.28655373160387
1220 1436 28.34388117081768
1222 1309 46.3575609311389
1222 1988 87.47315908390296
1223 1396 78.86851324394941
1224 1890 62.68273493029201
1227 1887 52.73363903453111
1229 1726 42.53978958829764
1229 1649 42.02979747812889
1231 1791 15.671774388051015
1233 1994 59.20547919485741
1234 1271 76.07936139790962
1235 1626 94.02534851372387
1235 1838 92.56788850916807
1237 1534 56.70569218825493
1239 1895 10.998053839719418
1240 1243 29.323192550838368
1241 1366 54.027714633445754
1241 1864 35.04304867916898
1241 1526 41.67811369262282
1242 1455 38.921303814828235
1242 1340 49.072894436346736
1243 1642 61.28725304329108
1243 1973 4.70910137927363
1244 1904 28.266000061440625
1246 1290 15.2414143920407
1246 1636 61.256871144477074
1248 1783 69.67246406354211
1248 1966 4.839470715697713
1249 1874 89.0678471775115
1250 1638 33.8179134976928
1251 1740 24.52035009771441
1252 1660 74.82923216407448
1252 1652 92.16266330771036
1254 1551 89.80610485279284
1254 1669 3.003055970733916
1257 1508 81.92120660522248
1258 1893 31.002440391361567
1261 1655 28.754318665279516
1262 1602 49.67030212257239
1263 1906 69.92210162282251
1266 1837 10.723521637001383
1266 1813 87.02110248482066
1267 1642 14.304166575875607
1268 1296 97.44772303572773
1268 1810 44.86795071981146
1269 1399 82.7565098461953
1270 1371 27.672578119867598
1271 1994 42.260500042832895
1273 1769 64.90992633133678
1275 1549 19.605633398368532
1276 1964 21.927659708483862
1276 1418 82.57297399125893
1277 1505 74.3535350930808
1278 1660 76.18983622739941
1280 1620 86.85170808447235
1280 1916 82.28072184744757
1283 1574 52.01170055834613
1283 1471 16.738271821261044
1284 1722 31.80118623560198
1285 1850 51.17273224841899
1285 1323 14.42933228068892
1287 1698 85.27823875773203
1288 1436 88.05392654462574
1289 1493 3.8658677726983828
1289 1405 20.083581236324264
1289 1814 83.46006337457858
1290 1919 83.8606910832608
1292 1969 25.699535871103652
1292 1401 46.18841804567998
1294 1786 91.8850758647705
1296 1472 70.75876057678362
1297 1557 28.123772348961534
1297 1441 82.5271228772225
1298 1746 51.00751111877922
1300 1667 63.90557109850855
1301 1687 13.263413030179299
1302 1672 4.025756045817363
1304 1880 37.874209391995414
1305 1572 59.81031575176298
1306 1820 18.580785722222306
1307 1684 87.17759641992782
1307 1925 59.10114459382025
1308 1970 35.6262302628208
1308 1723 17.187847837267235
1309 1314 89.55470011090735
1310 1409 75.1471523140084
1312 1680 69.19620322397947
1312 1574 29.221868267041433
1315 1628 39.27000140335748
1316 1872 17.127833154263428
1317 1784 57.65354804100977
1320 1846 96.52684331102326
1321 1375 85.85400755639192
1322 1457 65.09060928438672
1325 1980 68.0918293630061
1326 1880 27.639274347626753
1327 1583 41.54121245305867
1327 1399 2.9851833924529143
1330 1436 78.25006276180369
1332 1748 76.98970011277328
1334 1676 1.8809006209345314
1335 1680 91.2400283671848
1336 1391 65.08978386332738
1337 1727 60.51305309895884
1338 1379 1.8379089843722598
1340 1960 25.986653694704497
1340 1986 80.70347135035315
1340 1783 31.24051014007112
1343 1408 96.73541989346928
1344 1796 64.63129081772624
1345 1987 42.956873265302285
1346 1780 38.27106977482907
1348 1985 35.52221072793605
1348 1699 25.94787221850973
1350 1571 47.203103534224354
1350 1394 68.04241948234402
1352 1855 82.6067713255957
1354 1646 40.3181014572399
1355 1492 11.128898193891416
1356 1935 51.639858029361875
1357 1648 66.57318980009897
1358 1736 84.48511105849194
1359 1791 38.04874655294608
1359 1622 65.08686988639444
1360 1400 61.295960359163665
1360 1885 30.549116699076446
1361 1925 11.702348527998502
1362 1610 7.319868335813882
1367 1538 98.84773561635495
1368 1766 64.41887981585091
1369 1635 86.28766842493123
1369 1390 26.85354388472319
1371 1693 71.39828378160739
1371 1769 89.34500597041234
1373 1397 30.580320079979657
1373 1944 15.843000339061497
1376 1566 76.7819644420587
1376 1533 90.06901742980399
1377 1533 80.73755244071945
1380 1893 80.43401070082834
1380 1712 60.40329681341159
1380 1969 66.39250204443177
1381 1745 68.3948192883508
1381 1483 72.40703656166845
1381 1759 65.88465647578172
1382 1765 99.74944085825129
1383 1462 26.683200998486903
1384 1651 42.43800292205282
1385 1761 39.43921717954038
1385 1483 4.496581477816001
1385 1516 71.09882697821124
1387 1437 57.63220096964728
1387 1532 19.80160088072372
1387 1859 72.92843778150944
1388 1547 23.013956203650622
1389 1406 53.928875052877096
1390 1634 78.70480847431558
1391 1473 90.74612404500041
1391 1727 67.51497912027847
1392 1925 51.22417070507472
1393 1519 84.69650518021493
1393 1622 84.2232307650436
1393 1476 87.77298364986893
1394 1716 18.932449922596074
1395 1509 10.662703317458224
1396 1976 13.66646982990928
1396 1623 26.606533205460583
1401 1725 81.02604304510454
1401 1886 76.52890361361095
1401 1741 19.12376734424691
1404 1771 68.2915245597029
1409 1843 34.22761385730676
1410 1888 9.84068237992448
1413 1560 36.173056215863404
1414 1701 74.676783004938
1415 1851 31.401441861888646
1419 1427 79.02095324395233
1420 1903 33.80039656010687
1421 1583 26.795364305164654
1424 1597 30.111061043383934
1425 1517 85.2701749329296
1426 1496 47.58312019939734
1426 1521 86.77294359956143
1426 1937 58.77388735451547
1426 1960 94.48579741600763
1426 1471 8.050358003003506
1427 1582 89.0531800855684
1428 1933 50.54726007477773
1430 1803 86.88227771512477
1432 1696 38.785252760753124
1435 1862 30.537219627928863
1436 1774 6.352135093614937
1436 1802 85.56973726993103
1437 1918 14.599160658139269
1438 1532 20.829362488719205
1439 1865 41.5099928284583
1439 1760 57.370955209371935
1440 1848 90.75547251610664
1441 1787 46.29957187309258
1444 1870 32.32196230722218
1446 1587 71.85117715489356
1447 1863 78.11517656594764
1448 1746 49.27050372906264
1449 1707 63.47224445400682
1450 1814 18.505602389782613
1463 1625 63.81539794611443
1464 1720 1.466636640975391
1465 1845 28.07925835794846
1466 1965 76.35813484028492
1467 1929 17.691969901707857
1468 1630 76.68388987843004
1469 1507 49.46813197237162
1470 1794 76.59334754344442
1471 1531 9.716093032145416
1471 1817 61.833494133781116
1473 1553 63.71526652955682
1473 1826 40.93595455939709
1473 1925 96.56745617287328
1474 1843 38.94832558529261
1476 1547 4.734806529018861
1476 1571 20.742010871583577
1478 1949 37.93703913730973
1478 1793 2.393634753738581
1480 1538 32.89910025095884
1483 1637 83.48963799008983
1484 1651 19.867094284100048
1488 1520 67.9980660260339
1490 1573 63.04200593849063
1494 1546 25.633489164712312
1496 1604 69.65894996986931
1497 1691 35.09062763226877
1503 1537 13.76414924240197
1504 1624 38.97149715446167
1504 1530 59.27839812863912
1505 1762 17.534998539562626
1505 1660 82.56053913776663
1506 1577 30.52202309591974
1507 1813 29.79195138913917
1507 1630 73.05535923323447
1509 1594 60.040621942934735
1509 1519 34.44567996958536
1514 1646 88.90943033986713
1515 1848 99.55176857296492
1516 1961 34.93055108649843
1521 1944 90.23699383830792
1523 1764 36.56583775029661
1524 1737 19.654177355196072
1525 1593 94.86035101698732
1525 1993 91.90233547530191
1528 1782 40.93577280561141
1528 1800 23.613410198746724
1530 1621 72.98971398549581
1531 1706 13.989371865301074
1533 1688 73.67358531184057
1536 1765 59.37959064512492
1537 1828 17.729489447124564
1539 1916 37.292553688585
1540 1664 65.40349763200125
1540 1948 4.698979341566931
1541 1778 87.77786962234815
1543 1608 26.323128218603994
1543 1897 53.938609985190205
1544 1679 5.810109196591988
1544 1979 99.47334313204942
1545 1546 66.53502166795157
1546 1825 65.70319422167451
1546 1945 2.954434884900371
1548 1897 69.28522508936518
1548 1562 42.26078095277484
1555 1967 38.64512252983384
1555 1817 55.180956088163626
1556 1805 47.96523749444598
1557 1666 16.1595827143192
1558 1801 69.82401089286999
1559 1857 63.40082267613075
1560 1799 30.810529020922434
1562 1853 66.50479303298148
1562 1940 66.58581362300077
1563 1960 27.72773780418172
1567 1601 60.95779935547641
1567 1699 14.579188775001086
1568 1592 83.23461932661809
1569 1720 11.386509453109596
1573 1726 72.15785622710062
1576 1596 12.655722275286688
1576 1853 12.287242715740545
1577 1762 11.520107122333103
1582 1911 20.666019508921938
1582 1938 20.77518922848949
1582 1617 27.036397645759454
1582 1986 52.79146465166548
1585 1999 20.96564580823675
1588 1838 70.64023827437957
1588 1753 30.23976889906068
1588 1636 4.901165055228297
1592 1677 50.139116623441176
1593 1986 21.561704442889887
1594 1952 93.37931012053586
1598 1803 33.72975800347344
1599 1675 1.2710619066818767
1599 1960 67.49168011405528
1600 1984 90.78112438270942
1602 1729 83.68798436106087
1602 1906 67.23317111966236
1605 1897 15.765304774009845
1609 1826 9.918184684016524
1612 1952 51.658829349501225
1613 1872 72.63279807294941
1613 1913 11.027757380702779
1613 1620 26.333318172315824
1614 1711 23.884868362682845
1617 1749 98.8779271450028
1620 1873 30.306195692333407
1622 1680 46.96345836637869
1628 1680 10.881082590704128
1630 1727 18.295479085593698
1630 1910 4.905007476900664
1638 1660 29.766150546530266
1639 1764 80.35801416635428
1643 1857 31.958003589313662
1646 1912 74.11547938342545
1646 1961 10.404848562727448
1647 1840 76.06219647928259
1647 1732 5.5430196222481065
1651 1981 85.34787378237432
1651 1895 66.67214772159355
1652 1703 17.880715359281158
1653 1775 36.39521301953669
1654 1764 44.33373716141154
1655 1883 62.55889629991821
1657 1780 87.96907820234989
1661 1832 10.202180228304808
1661 1951 81.68146466411314
1661 1870 19.10407261006063
1665 1781 40.67697391379454
1668 1703 96.26868308482564
1670 1709 27.911475984268822
1676 1949 39.18583348617211
1682 1896 85.21648622562182
1687 1736 80.19001059794606
1688 1883 65.23580190335412
1688 1871 79.89404614650529
1688 1933 12.192599081386964
1691 1754 69.9208174788557
1697 1743 6.8059931708525605
1697 1825 94.3042318119901
1701 1721 16.780144350734325
1701 1914 42.18674394645876
1701 1857 59.48427999604351
1703 1973 80.4242136204645
1703 1948 68.16092048867134
1704 1928 18.94479549319291
1705 1809 38.595327132472875
1705 1851 36.501292567882565
1709 1932 3.8528067275509326
1711 1952 68.76194920476581
1712 1762 84.01511117816406
1713 1902 97.37101344231156
1717 1859 13.93487762529317
1718 1962 92.11940057817216
1723 1869 12.180810458002973
1730 1790 41.71714210978225
1732 1980 5.55126021258733
1736 1943 26.899673855620495
1737 1739 32.10955654251322
1737 1878 70.75224947158169
1741 1825 68.11496318099627
1744 1755 76.98534311070112
1745 1965 58.08825180421457
1747 1826 56.93621034305175
1753 1947 97.81166019752905
1754 1803 67.31459146321723
1759 1966 34.4917635350739
1762 1991 52.787214347242724
1764 1828 70.35743824545787
1764 1927 10.428971706717777
1770 1802 66.50961302175034
1772 1942 25.609122490220052
1778 1822 35.229199258292866
1790 1957 67.95326126738668
1790 1890 39.10278512326472
1794 1989 84.06426910174895
1798 1922 56.27607943351661
1800 1936 98.79137085138625
1807 1915 6.402045407539909
1808 1935 64.69647293912448
1810 1931 16.53580995687238
1818 1933 85.03571190282408
1841 1860 85.33524399316055
1845 1965 87.07214782666402
1847 1966 8.411659005221495
1849 1851 49.67314815329572
1852 1940 24.848289853025882
1854 1859 97.04435982955661
1862 1990 5.98472073812785
1867 1892 23.047945793711104
1876 1900 64.68841416750193
1888 1992 40.924422352710565
1894 1947 24.26499999913743
1895 1904 46.450364880075284
1909 1986 80.32486748494549
1918 1993 45.36175998087201
1923 1948 85.8023331936237
